2 0.34843750000000007 0.45625 0.3281250000000001 0.45625 0.3281250000000001 0.5609375 0.34843750000000007 0.5609375
2 0.80625 0.7765625000000002 0.7656250000000002 0.7765625000000002 0.7656250000000002 0.9 0.80625 0.9
1 0.88125 0.25468750000000007 0.859375 0.25468750000000007 0.859375 0.3656250000000001 0.88125 0.3656250000000001
3 0.17656250000000007 0.4796875 0.15468750000000003 0.4796875 0.15468750000000006 0.59375 0.1765625000000001 0.59375
2 0.2296875000000001 0.7453125 0.1984375000000001 0.7453125 0.1984375000000001 0.8703125 0.2296875000000001 0.8703125
2 0.55625 0.503125 0.5328125 0.503125 0.5328125 0.6203125 0.55625 0.6203125
2 0.7437500000000001 0.6703125000000001 0.7078125 0.6703125 0.7078125000000001 0.7937500000000001 0.7437500000000001 0.7937500000000002
2 0.4796875 0.3500000000000001 0.459375 0.3500000000000001 0.459375 0.4578125 0.4796875 0.4578125
2 0.13906250000000003 0.2125 0.12187500000000004 0.2125 0.12187500000000004 0.303125 0.13906250000000003 0.303125
2 0.36875 0.23593750000000005 0.35 0.2359375 0.35 0.32656250000000003 0.36875 0.3265625000000001
2 0.5125 0.5390625 0.4875 0.5390625 0.4875 0.64375 0.5125 0.64375
2 0.3218750000000001 0.6390625 0.3000000000000001 0.6390625 0.3000000000000001 0.765625 0.3218750000000001 0.765625
2 0.3281250000000001 0.5859375 0.3031250000000001 0.5859375 0.3031250000000001 0.6578125 0.3281250000000001 0.6578125
2 0.3734375000000001 0.7015625 0.3375000000000001 0.7015625 0.3375000000000001 0.7671875 0.3734375000000001 0.7671875
0 0.3828125000000001 0.6828125 0.3687500000000001 0.6828125 0.3687500000000001 0.703125 0.3828125000000001 0.703125
2 0.3390625000000001 0.6703125 0.2734375000000001 0.6703125 0.2734375000000001 0.71875 0.3390625000000001 0.71875
2 0.30937500000000007 0.6625 0.3078125000000001 0.6625 0.3078125000000001 0.6828125 0.30937500000000007 0.6828125