0 0.37187500000000007 0.546875 0.36406250000000007 0.546875 0.36406250000000007 0.559375 0.37187500000000007 0.559375
2 0.2843750000000001 0.64375 0.2531250000000001 0.64375 0.2531250000000001 0.75 0.2843750000000001 0.75
2 0.4234375000000002 0.8046875 0.38750000000000007 0.8046875 0.38750000000000007 0.9140625 0.4234375000000002 0.9140625
2 0.2250000000000001 0.703125 0.18750000000000008 0.703125 0.18750000000000008 0.7984375 0.2250000000000001 0.7984375
1 0.1531250000000001 0.5703125 0.11562500000000009 0.5703125 0.11562500000000009 0.659375 0.1531250000000001 0.659375
2 0.8234375 0.5781250000000002 0.7890625 0.5781250000000002 0.7890625 0.6750000000000002 0.8234375 0.6750000000000002
2 0.3703125000000001 0.5953125 0.3421875000000001 0.5953125 0.3421875000000001 0.6984375 0.3703125000000001 0.6984375
2 0.690625 0.540625 0.66875 0.540625 0.66875 0.6296875 0.690625 0.6296875
2 0.4125 0.5875 0.3812500000000001 0.5875 0.3812500000000001 0.678125 0.4125 0.678125
2 0.4718750000000001 0.6640625 0.446875 0.6640625 0.4468750000000001 0.76875 0.47187500000000016 0.76875
2 0.6265625 0.4859375 0.5921875 0.4859375 0.5921875 0.5828125 0.6265625 0.5828125
2 0.7484375000000001 0.6234375000000002 0.7296875 0.6234375000000002 0.7296875 0.7343750000000002 0.7484375000000002 0.7343750000000002
2 0.5328125 0.4578125 0.5109375 0.4578125 0.5109375 0.5453125 0.5328125 0.5453125
2 0.85 0.4000000000000002 0.83125 0.4000000000000002 0.83125 0.4812500000000002 0.85 0.4812500000000002
2 0.8875 0.5078125000000002 0.86875 0.5078125000000002 0.86875 0.6000000000000002 0.8875 0.6000000000000002
2 0.640625 0.4359375 0.615625 0.4359375 0.615625 0.53125 0.640625 0.53125
2 0.3218750000000001 0.4140625 0.29375000000000007 0.4140625 0.29375000000000007 0.521875 0.3218750000000001 0.521875
3 0.621875 0.2687500000000001 0.590625 0.2687500000000001 0.590625 0.3703125000000001 0.621875 0.3703125000000001
2 0.55 0.4015625 0.5296875 0.4015625 0.5296875 0.4859375 0.55 0.4859375
2 0.55625 0.34843750000000007 0.528125 0.34843750000000007 0.528125 0.4296875 0.55625 0.4296875