2 0.5796875 0.3437500000000001 0.5625 0.3437500000000001 0.5625 0.453125 0.5796875 0.453125
2 0.6125 0.553125 0.5875 0.553125 0.5875 0.665625 0.6125 0.665625
2 0.5578125 0.3781250000000001 0.5328125 0.3781250000000001 0.5328125 0.48125 0.5578125 0.48125
2 0.39531250000000007 0.534375 0.3734375000000001 0.534375 0.3734375000000001 0.64375 0.39531250000000007 0.64375
2 0.5421875 0.4375 0.4984375 0.4375 0.4984375 0.55625 0.5421875 0.55625
2 0.7421875 0.3921875000000001 0.7234375 0.3921875000000001 0.7234375 0.5015625000000001 0.7421875 0.5015625000000001
2 0.8609375 0.5812500000000002 0.8328125 0.5812500000000002 0.8328125 0.7078125000000002 0.8609375 0.7078125000000002
2 0.990625 0.6578125000000001 0.9578125 0.6578125000000001 0.9578125 0.7843750000000002 0.990625 0.7843750000000002
3 0.75 0.5406250000000001 0.715625 0.540625 0.715625 0.6625000000000001 0.75 0.6625000000000002
2 0.6546875 0.546875 0.6296875 0.546875 0.6296875 0.6234375 0.6546875 0.6234375
1 0.2640625000000001 0.3859375 0.22031250000000008 0.3859375 0.22031250000000008 0.4359375 0.2640625000000001 0.4359375
2 0.8171875 0.6328125000000002 0.7890625 0.6328125000000002 0.7890625000000001 0.7593750000000001 0.8171875 0.7593750000000001
2 0.6 0.471875 0.571875 0.471875 0.571875 0.5828125 0.6 0.5828125
2 0.56875 0.5203125 0.51875 0.5203125 0.51875 0.575 0.56875 0.575
2 0.753125 0.4937500000000002 0.734375 0.4937500000000002 0.734375 0.6234375000000002 0.753125 0.6234375000000002
2 0.8828125 0.42968750000000017 0.8640625 0.42968750000000017 0.8640625 0.5468750000000002 0.8828125 0.5468750000000002
0 0.2421875 0.3171875 0.2234375 0.3171875 0.2234375 0.3546875 0.2421875 0.3546875
3 0.865625 0.048437500000000105 0.8421875 0.0484375000000001 0.8421875 0.14062500000000008 0.865625 0.14062500000000008