2 0.4640625000000001 0.715625 0.4375 0.715625 0.4375000000000001 0.83125 0.46406250000000016 0.83125
2 0.5109375 0.26250000000000007 0.4828125 0.26250000000000007 0.4828125 0.34062500000000007 0.5109375 0.34062500000000007
2 0.6296875 0.2640625000000001 0.6109375 0.2640625000000001 0.6109375 0.3421875000000001 0.6296875 0.3421875000000001
2 0.5609375 0.3359375000000001 0.5296875 0.3359375000000001 0.5296875 0.4265625 0.5609375 0.4265625
2 0.8078125 0.22031250000000008 0.7828125 0.22031250000000008 0.7828125 0.3031250000000001 0.8078125 0.3031250000000001
2 0.225 0.284375 0.20625 0.284375 0.20625 0.35625 0.225 0.35625
2 0.834375 0.5218750000000002 0.815625 0.5218750000000002 0.815625 0.6312500000000002 0.834375 0.6312500000000002
2 0.5453125 0.43125 0.5234375 0.43125 0.5234375 0.528125 0.5453125 0.528125
2 0.2500000000000001 0.6515625 0.2312500000000001 0.6515625 0.2312500000000001 0.75625 0.2500000000000001 0.75625
2 0.7125000000000001 0.66875 0.684375 0.66875 0.6843750000000001 0.784375 0.7125000000000001 0.784375
2 0.74375 0.5218750000000001 0.725 0.521875 0.725 0.628125 0.74375 0.6281250000000002
0 0.39687500000000003 0.3468750000000001 0.3828125 0.3468750000000001 0.38281250000000006 0.3671875000000001 0.3968750000000001 0.3671875000000001
2 0.4625 0.2484375000000001 0.421875 0.2484375000000001 0.421875 0.3140625000000001 0.4625 0.3140625000000001
3 0.415625 0.3906250000000001 0.3906250000000001 0.3906250000000001 0.3906250000000001 0.4875 0.415625 0.4875
2 0.8625 0.4203125000000002 0.840625 0.4203125000000002 0.840625 0.5234375000000002 0.8625 0.5234375000000002
2 0.4421875 0.33281250000000007 0.4140625 0.33281250000000007 0.4140625 0.3984375000000001 0.4421875 0.3984375000000001
2 0.484375 0.3125000000000001 0.4625 0.3125000000000001 0.4625 0.39531250000000007 0.484375 0.39531250000000007
2 0.3015625 0.2484375 0.2796875 0.2484375 0.2796875 0.3234375 0.3015625 0.3234375
2 0.1468750000000001 0.60625 0.1062500000000001 0.60625 0.1062500000000001 0.7125 0.1468750000000001 0.7125