2 0.5359375 0.4828125 0.49375 0.4828125 0.49375 0.56875 0.5359375 0.56875
2 0.5953125 0.5359375 0.5625 0.5359375 0.5625 0.6203125 0.5953125 0.6203125
2 0.475 0.3390625000000001 0.45625 0.3390625000000001 0.45625 0.41875 0.475 0.41875
1 0.09843750000000008 0.5515625 0.07343750000000007 0.5515625 0.07343750000000007 0.646875 0.0984375000000001 0.646875
2 0.4593750000000002 0.8 0.4312500000000002 0.8 0.4312500000000002 0.90625 0.4593750000000002 0.90625
3 0.7265625 0.55 0.7078125 0.55 0.7078125 0.6562500000000001 0.7265625 0.6562500000000002
2 0.3890625000000001 0.653125 0.3671875000000001 0.653125 0.3671875000000001 0.7390625 0.3890625000000001 0.7390625
2 0.8296875 0.5109375000000002 0.8078125 0.5109375000000002 0.8078125 0.5968750000000002 0.8296875 0.5968750000000002
2 0.425 0.434375 0.4046875 0.434375 0.4046875 0.521875 0.425 0.521875
2 0.21250000000000008 0.7 0.17187500000000008 0.7 0.17187500000000008 0.7953125 0.21250000000000008 0.7953125
2 0.6734375000000001 0.6265625 0.6515625 0.6265625 0.6515625 0.73125 0.6734375000000001 0.73125
2 0.578125 0.4609375 0.55 0.4609375 0.55 0.5453125 0.578125 0.5453125
2 0.2531250000000001 0.390625 0.23437500000000008 0.390625 0.23437500000000008 0.475 0.2531250000000001 0.475
2 0.7625 0.3859375000000001 0.746875 0.3859375000000001 0.746875 0.4671875000000002 0.7625 0.4671875000000002
2 0.2796875000000001 0.6 0.2515625000000001 0.6 0.2515625000000001 0.6921875 0.2796875000000001 0.6921875
2 0.2390625000000001 0.6421875 0.2140625000000001 0.6421875 0.2140625000000001 0.7453125 0.2390625000000001 0.7453125
2 0.434375 0.3906250000000001 0.415625 0.3906250000000001 0.415625 0.4703125 0.434375 0.4703125
2 0.32500000000000007 0.578125 0.3000000000000001 0.578125 0.3000000000000001 0.665625 0.32500000000000007 0.665625
3 0.50625 0.2796875000000001 0.4859375 0.2796875000000001 0.4859375 0.3531250000000001 0.50625 0.3531250000000001