2 0.6421875 0.5109375 0.596875 0.5109375 0.596875 0.634375 0.6421875 0.634375
3 0.17343750000000005 0.3421875 0.13281250000000006 0.3421875 0.13281250000000006 0.45625 0.17343750000000005 0.45625
2 0.3 0.15625000000000006 0.275 0.15625000000000006 0.275 0.2625 0.3 0.2625
2 0.6718750000000002 0.7609375 0.6312500000000002 0.7609375 0.6312500000000002 0.9078125 0.6718750000000002 0.9078125
2 0.2109375 0.2203125 0.18281250000000004 0.2203125 0.18281250000000004 0.3328125 0.2109375 0.3328125
2 0.5703125 0.04687500000000007 0.5453125 0.04687500000000007 0.5453125 0.1359375000000001 0.5703125 0.1359375000000001
2 0.5171875 6.218909526920153e-17 0.4984375 6.104098889500089e-17 0.4984375 0.09375000000000007 0.5171875 0.09375000000000007
2 0.95 0.6765625000000002 0.9234375 0.6765625000000002 0.9234375 0.825 0.95 0.825
2 0.4796875 0.4859375 0.4515625 0.4859375 0.4515625 0.6140625 0.4796875 0.6140625
2 0.45781250000000007 0.684375 0.425 0.684375 0.4250000000000001 0.81875 0.4578125000000002 0.81875
2 0.4937500000000001 0.6859375 0.440625 0.6859375 0.4406250000000001 0.8328125 0.4937500000000002 0.8328125
0 0.5156250000000002 0.78125 0.49531250000000016 0.78125 0.49531250000000016 0.815625 0.5156250000000002 0.815625
3 0.4109375000000002 0.9234375 0.3765625000000001 0.9234375 0.3765625000000001 1 0.4109375000000002 1
2 0.6953125 8.419446744138054e-17 0.6796875 8.323771212954667e-17 0.6796875 0.03593750000000008 0.6953125 0.03593750000000009