2 0.2671875000000001 0.703125 0.2453125000000001 0.703125 0.2453125000000001 0.8109375 0.2671875000000001 0.8109375
2 0.4234375 0.22656250000000008 0.4015625 0.22656250000000008 0.4015625 0.2890625000000001 0.4234375 0.2890625000000001
2 0.846875 0.3812500000000001 0.8296875 0.3812500000000001 0.8296875 0.4671875000000002 0.846875 0.4671875000000002
2 0.4578125 0.3109375000000001 0.4421875 0.3109375000000001 0.4421875 0.3828125000000001 0.4578125 0.3828125000000001
2 0.4625 0.3828125000000001 0.4453125 0.3828125000000001 0.4453125 0.4671875 0.4625 0.4671875
3 0.17500000000000002 0.18125 0.153125 0.18125 0.153125 0.2484375 0.17500000000000004 0.2484375
2 0.61875 0.4171875 0.603125 0.4171875 0.603125 0.5015625 0.61875 0.5015625
3 0.2843750000000001 0.46875 0.26250000000000007 0.46875 0.26250000000000007 0.5625 0.2843750000000001 0.5625
2 0.9796875 0.7078125000000002 0.95625 0.7078125000000002 0.95625 0.8234375 0.9796875 0.8234375
2 0.78125 0.2812500000000001 0.765625 0.2812500000000001 0.765625 0.3531250000000001 0.78125 0.3531250000000001
0 0.5234375 0.2609375000000001 0.509375 0.2609375000000001 0.509375 0.2906250000000001 0.5234375 0.2906250000000001
2 0.521875 0.19375000000000003 0.50625 0.19375000000000003 0.50625 0.27812500000000007 0.521875 0.27812500000000007
2 0.5718750000000001 0.8796875 0.5515625000000002 0.8796875 0.5515625000000002 0.996875 0.5718750000000001 0.996875
2 0.14843750000000006 0.303125 0.12812500000000004 0.303125 0.12812500000000004 0.3859375 0.14843750000000006 0.3859375
2 0.578125 0.56875 0.5609375 0.56875 0.5609375 0.66875 0.578125 0.66875
2 0.16718750000000004 0.3015625 0.15156250000000004 0.3015625 0.15156250000000004 0.3796875 0.16718750000000004 0.3796875
2 0.3421875000000001 0.484375 0.3234375000000001 0.484375 0.3234375000000001 0.571875 0.3421875000000001 0.571875