2 0.8328125 0.7343750000000002 0.7968750000000002 0.7343750000000002 0.7968750000000002 0.85625 0.8328125 0.85625
2 0.3703125000000001 0.725 0.3359375000000001 0.725 0.3359375000000001 0.8390625 0.3703125000000001 0.8390625
3 0.634375 0.546875 0.6 0.546875 0.6 0.65 0.634375 0.65
2 0.4734375 0.3359375000000001 0.4421875 0.3359375000000001 0.4421875 0.421875 0.4734375 0.421875
2 0.21250000000000008 0.540625 0.18750000000000006 0.540625 0.18750000000000006 0.6421875 0.21250000000000008 0.6421875
2 0.3515625000000001 0.4234375 0.3156250000000001 0.4234375 0.3156250000000001 0.5203125 0.3515625000000001 0.5203125
2 0.7765625 0.44531250000000017 0.7609375 0.44531250000000017 0.7609375 0.5359375000000002 0.7765625 0.5359375000000002
2 0.8484375 0.47187500000000016 0.828125 0.47187500000000016 0.828125 0.5718750000000001 0.8484375 0.5718750000000001
3 0.06406250000000004 0.24375 0.04531250000000003 0.24375 0.04531250000000004 0.334375 0.06406250000000005 0.334375
0 0.5453125 0.3734375000000001 0.5375 0.3734375000000001 0.5375 0.38750000000000007 0.5453125 0.38750000000000007
2 0.54375 0.3078125000000001 0.528125 0.3078125000000001 0.528125 0.3859375000000001 0.54375 0.3859375000000001