2 0.3125000000000001 0.696875 0.2906250000000001 0.696875 0.2906250000000001 0.80625 0.3125000000000001 0.80625
2 0.525 0.3812500000000001 0.5078125 0.3812500000000001 0.5078125 0.465625 0.525 0.465625
2 0.9078125 0.37187500000000007 0.890625 0.37187500000000007 0.890625 0.4593750000000002 0.9078125 0.4593750000000002
2 0.6421875 0.546875 0.6234375 0.546875 0.6234375 0.6453125 0.6421875 0.6453125
2 0.4078125 0.4828125 0.3890625000000001 0.4828125 0.3890625000000001 0.5703125 0.4078125 0.5703125
2 0.521875 0.22656250000000008 0.50625 0.22656250000000008 0.50625 0.28593750000000007 0.521875 0.28593750000000007
2 0.25000000000000006 0.2859375 0.221875 0.2859375 0.22187500000000004 0.365625 0.2500000000000001 0.365625
3 0.3296875000000001 0.4609375 0.3109375000000001 0.4609375 0.3109375000000001 0.5578125 0.3296875000000001 0.5578125
2 0.22656250000000006 0.284375 0.203125 0.284375 0.20312500000000006 0.3671875 0.22656250000000008 0.3671875
2 0.8390625 0.2687500000000001 0.8265625 0.2687500000000001 0.8265625 0.3453125000000001 0.8390625 0.3453125000000001
2 0.03906250000000006 0.471875 0.021875000000000054 0.471875 0.021875000000000065 0.5671875 0.03906250000000007 0.5671875
2 0.675 0.4078125 0.6609375 0.4078125 0.6609375 0.49375 0.675 0.49375
2 0.528125 0.3000000000000001 0.5125 0.3000000000000001 0.5125 0.3750000000000001 0.528125 0.3750000000000001
2 0.02656250000000008 0.5828125 0.006250000000000072 0.5828125 0.0062500000000000775 0.6890625 0.02656250000000009 0.6890625
3 0.20625 0.17656250000000004 0.184375 0.17656250000000004 0.184375 0.2453125 0.20625 0.2453125
2 0.6281250000000002 0.878125 0.6062500000000002 0.878125 0.6062500000000002 0.996875 0.6281250000000002 0.996875
0 0.58125 0.2593750000000001 0.56875 0.2593750000000001 0.56875 0.29375000000000007 0.58125 0.29375000000000007
2 0.5921875 0.21093750000000008 0.56875 0.21093750000000008 0.56875 0.2828125000000001 0.5921875 0.2828125000000001
2 0.625 0.5625 0.60625 0.5625 0.60625 0.6640625 0.625 0.6640625