2 0.0875000000000001 0.8109375 0.05468750000000009 0.8109375 0.0546875000000001 0.9453125 0.0875000000000001 0.9453125
3 0.08281250000000008 0.5609375 0.056250000000000064 0.5609375 0.05625000000000008 0.684375 0.0828125000000001 0.684375
2 0.07187500000000002 0.121875 0.04375000000000001 0.121875 0.04375000000000002 0.19375 0.07187500000000002 0.19375
2 0.646875 0.14218750000000008 0.6265625 0.14218750000000008 0.6265625 0.2171875000000001 0.646875 0.2171875000000001
2 0.2078125000000001 0.45625 0.18281250000000004 0.45625 0.18281250000000007 0.565625 0.2078125000000001 0.565625
2 0.5671875 0.540625 0.5234375 0.540625 0.5234375 0.6265625 0.5671875 0.6265625
2 0.2671875000000001 0.5734375 0.24218750000000008 0.5734375 0.24218750000000008 0.6828125 0.2671875000000001 0.6828125
2 0.3703125 0.23750000000000004 0.353125 0.2375 0.353125 0.32343750000000004 0.3703125 0.3234375000000001
2 0.7359375000000001 0.7406250000000001 0.7125000000000001 0.740625 0.7125000000000001 0.8671875 0.7359375000000001 0.8671875
2 0.6343750000000001 0.7015625 0.6171875 0.7015625 0.6171875000000001 0.825 0.6343750000000001 0.825
2 0.996875 0.6484375000000002 0.975 0.6484375000000002 0.975 0.7765625000000002 0.996875 0.7765625000000002
2 0.3375000000000001 0.4171875 0.31718750000000007 0.4171875 0.31718750000000007 0.5234375 0.3375000000000001 0.5234375
2 0.825 0.4578125000000002 0.8078125 0.4578125000000002 0.8078125 0.5671875000000002 0.825 0.5671875000000002
2 0.9984375 0.2796875000000001 0.9734375 0.2796875000000001 0.9734375 0.3781250000000001 0.9984375 0.3781250000000001
0 0.5671875 0.6078125 0.553125 0.6078125 0.553125 0.628125 0.5671875 0.628125