2 0.14375000000000004 0.303125 0.11562500000000005 0.303125 0.11562500000000005 0.4046875 0.14375000000000004 0.4046875
2 0.4546875 0.590625 0.4171875 0.590625 0.4171875 0.7140625 0.4546875 0.7140625
2 0.4125 0.4453125 0.3906250000000001 0.4453125 0.3906250000000001 0.54375 0.4125 0.54375
2 0.5468750000000001 0.6578125 0.5171875 0.6578125 0.5171875000000001 0.78125 0.5468750000000002 0.78125
2 0.5 0.05156250000000007 0.4828125 0.05156250000000007 0.4828125 0.13437500000000005 0.5 0.13437500000000005
2 0.16718750000000002 0.1515625 0.14375 0.1515625 0.14375000000000002 0.2375 0.16718750000000004 0.2375
2 0.609375 0.3687500000000001 0.5828125 0.3687500000000001 0.5828125 0.471875 0.609375 0.471875
2 0.828125 0.1843750000000001 0.8078125 0.1843750000000001 0.8078125 0.2828125000000001 0.828125 0.2828125000000001
2 0.7875 0.5687500000000002 0.7703125 0.5687500000000002 0.7703125 0.6968750000000001 0.7875 0.6968750000000001
2 0.060937500000000075 0.5625 0.03750000000000007 0.5625 0.037500000000000075 0.68125 0.06093750000000009 0.68125
0 0.471875 0.675 0.4625 0.675 0.4625 0.6921875 0.471875 0.6921875