2 0.821875 0.4156250000000002 0.796875 0.4156250000000002 0.796875 0.5062500000000002 0.821875 0.5062500000000002
2 0.24218750000000008 0.4671875 0.2218750000000001 0.4671875 0.2218750000000001 0.5625 0.24218750000000008 0.5625
2 0.6234375 0.4640625 0.6046875 0.4640625 0.6046875 0.553125 0.6234375 0.553125
2 0.3687500000000001 0.628125 0.3468750000000001 0.628125 0.3468750000000001 0.7375 0.3687500000000001 0.7375
2 0.33281250000000007 0.6515625 0.3125000000000001 0.6515625 0.3125000000000001 0.7609375 0.33281250000000007 0.7609375
2 0.17500000000000004 0.3640625 0.15625000000000006 0.3640625 0.15625000000000006 0.446875 0.17500000000000004 0.446875
2 0.66875 0.29375000000000007 0.65 0.29375000000000007 0.65 0.3656250000000001 0.66875 0.3656250000000001
2 0.08125000000000007 0.578125 0.057812500000000065 0.578125 0.05781250000000008 0.675 0.08125000000000009 0.675
3 0.12031250000000009 0.5703125 0.09531250000000006 0.5703125 0.09531250000000008 0.6796875 0.12031250000000009 0.6796875
2 0.7343750000000002 0.7546875000000001 0.7093750000000002 0.7546875 0.7093750000000002 0.8765625 0.7343750000000002 0.8765625
2 0.3515625000000001 0.496875 0.3343750000000001 0.496875 0.3343750000000001 0.5828125 0.3515625000000001 0.5828125
2 0.12031250000000002 0.146875 0.09375000000000003 0.146875 0.09375000000000003 0.25625 0.12031250000000004 0.25625
2 0.2828125000000001 0.9265625 0.2531250000000001 0.9265625 0.2531250000000001 1 0.2828125000000001 1
0 0.70625 0.3859375000000001 0.690625 0.3859375000000001 0.690625 0.4375 0.70625 0.4375