3 0.10625000000000004 0.2890625 0.06718750000000004 0.2890625 0.06718750000000004 0.4 0.10625000000000004 0.4
2 0.6453125 0.4 0.596875 0.4 0.596875 0.5171875 0.6453125 0.5171875
2 0.41406250000000017 0.771875 0.3750000000000001 0.771875 0.3750000000000001 0.915625 0.41406250000000017 0.915625
2 0.33281250000000007 0.415625 0.2984375000000001 0.415625 0.2984375000000001 0.5296875 0.33281250000000007 0.5296875
2 0.5484375000000001 0.6234375 0.5203125 0.6234375 0.5203125000000001 0.75 0.5484375000000001 0.75
2 0.25000000000000006 0.28125 0.2265625 0.28125 0.22656250000000006 0.3765625 0.2500000000000001 0.3765625
2 0.026562500000000083 0.6515625 7.979339300694473e-17 0.6515625 8.706473337688214e-17 0.7703125 0.02656250000000009 0.7703125
2 0.4546875 0.10781250000000005 0.434375 0.10781250000000005 0.434375 0.18906250000000005 0.4546875 0.18906250000000005
2 0.3671875000000001 0.38906250000000003 0.3359375000000001 0.3890625 0.3359375000000001 0.4984375 0.3671875000000001 0.4984375
2 0.6203125 0.2812500000000001 0.5828125 0.2812500000000001 0.5828125 0.3859375000000001 0.6203125 0.3859375000000001
2 0.640625 0.3359375000000001 0.615625 0.3359375000000001 0.615625 0.4375 0.640625 0.4375
0 0.4156250000000002 0.86875 0.3968750000000001 0.86875 0.3968750000000001 0.9015625 0.4156250000000002 0.9015625