2 0.9015625 0.4187500000000002 0.8796875 0.4187500000000002 0.8796875 0.5125000000000002 0.9015625 0.5125000000000002
0 0.7296875 0.3578125000000001 0.7140625 0.3578125000000001 0.7140625 0.3906250000000001 0.7296875 0.3906250000000001
2 0.7359375 0.3000000000000001 0.7171875 0.3000000000000001 0.7171875 0.3781250000000001 0.7359375 0.3781250000000001
2 0.7125 0.4484375 0.6953125 0.4484375 0.6953125 0.534375 0.7125 0.534375
2 0.08437500000000006 0.375 0.06250000000000004 0.375 0.06250000000000006 0.45625 0.08437500000000006 0.45625
2 0.3359375000000001 0.4484375 0.31718750000000007 0.4484375 0.31718750000000007 0.5390625 0.3359375000000001 0.5390625
3 0.2218750000000001 0.5484375 0.19687500000000008 0.5484375 0.19687500000000008 0.646875 0.2218750000000001 0.646875
2 0.2750000000000001 0.3671875 0.2578125000000001 0.3671875 0.2578125000000001 0.446875 0.2750000000000001 0.446875
2 0.06875000000000003 0.2484375 0.051562500000000025 0.2484375 0.05156250000000003 0.3265625 0.06875000000000005 0.3265625
2 0.18750000000000008 0.55625 0.16562500000000008 0.55625 0.16562500000000008 0.65 0.18750000000000008 0.65
2 0.45 0.48125 0.434375 0.48125 0.434375 0.5671875 0.45 0.5671875
2 0.10156250000000008 0.771875 0.07968750000000009 0.771875 0.0796875000000001 0.884375 0.10156250000000008 0.884375
2 0.45625 0.6109375 0.4359375 0.6109375 0.4359375 0.7203125 0.45625 0.7203125
2 0.8265625 0.7500000000000002 0.8046875 0.7500000000000002 0.8046875 0.8703125 0.8265625 0.8703125
2 0.4312500000000001 0.6328125 0.4125 0.6328125 0.4125000000000001 0.7375 0.4312500000000002 0.7375
2 0.2609375 0.16093750000000004 0.23125 0.16093750000000004 0.23125 0.25625 0.2609375 0.25625