2 0.61875 0.4125 0.5828125 0.4125 0.5828125 0.50625 0.61875 0.50625
2 0.453125 0.525 0.41875 0.525 0.41875 0.621875 0.453125 0.621875
2 0.525 0.5703125 0.490625 0.5703125 0.490625 0.6859375 0.525 0.6859375
2 0.825 0.4281250000000002 0.784375 0.4281250000000002 0.784375 0.5296875000000002 0.825 0.5296875000000002
2 0.540625 0.5078125 0.5125 0.5078125 0.5125 0.6109375 0.540625 0.6109375
2 0.875 0.4109375000000002 0.840625 0.4109375000000002 0.840625 0.5078125000000002 0.875 0.5078125000000002
2 0.4171875000000001 0.6546875 0.3921875000000001 0.6546875 0.3921875000000001 0.7796875 0.41718750000000016 0.7796875
2 0.58125 0.5328125 0.559375 0.5328125 0.559375 0.63125 0.58125 0.63125
3 0.8 0.1062500000000001 0.775 0.1062500000000001 0.775 0.18125000000000008 0.8 0.18125000000000008
1 0.09687500000000006 0.3828125 0.06562500000000004 0.3828125 0.06562500000000006 0.475 0.09687500000000007 0.475
0 0.5875 0.5984375 0.58125 0.5984375 0.58125 0.6109375 0.5875 0.6109375