3 0.2375000000000001 0.9265625 0.2000000000000001 0.9265625 0.2000000000000001 0.9984375 0.2375000000000001 0.9984375
2 0.7890625 0.4734375000000002 0.7625 0.4734375000000002 0.7625 0.6015625000000002 0.7890625 0.6015625000000002
2 0.628125 0.10000000000000009 0.6 0.10000000000000009 0.6 0.2078125000000001 0.628125 0.2078125000000001
2 0.6125 0.465625 0.56875 0.465625 0.56875 0.5921875 0.6125 0.5921875
0 0.6765625000000002 0.7734375 0.6640625000000002 0.7734375 0.6640625000000002 0.7953125 0.6765625000000002 0.7953125
2 0.7109375000000001 0.6890625 0.6671875 0.6890625 0.6671875 0.80625 0.7109375000000002 0.80625
2 0.4218750000000001 0.653125 0.3906250000000001 0.653125 0.3906250000000001 0.78125 0.42187500000000017 0.78125
2 0.19843750000000004 0.3328125 0.17343750000000005 0.3328125 0.17343750000000005 0.4421875 0.19843750000000004 0.4421875
2 0.6 0.22031250000000008 0.58125 0.22031250000000008 0.58125 0.3296875000000001 0.6 0.3296875000000001
2 0.3453125 0.2890625 0.3234375 0.2890625 0.32343750000000004 0.396875 0.3453125000000001 0.396875
2 0.025000000000000005 0.007812500000000002 9.567553118338697e-19 0.0078125 7.462691432304185e-18 0.1140625 0.025000000000000012 0.1140625
2 0.04062500000000001 3.2529680602351575e-18 0.0125 1.5308084989341916e-18 0.012500000000000006 0.0765625 0.04062500000000001 0.0765625
2 0.2078125 0.0015625000000000235 0.178125 0.0015625000000000216 0.178125 0.018750000000000024 0.2078125 0.018750000000000027