2 0.559375 0.55 0.515625 0.55 0.515625 0.63125 0.559375 0.63125
2 0.45625 0.49375 0.4203125 0.49375 0.4203125 0.571875 0.45625 0.571875
2 0.6625000000000002 0.8171875 0.6234375000000002 0.8171875 0.6234375000000002 0.9359375 0.6625000000000002 0.9359375
2 0.56875 0.4578125 0.540625 0.4578125 0.540625 0.5359375 0.56875 0.5359375
2 0.7375 0.6562500000000001 0.7140625 0.65625 0.7140625 0.7656250000000001 0.7375000000000002 0.7656250000000002
2 0.928125 0.5062500000000002 0.90625 0.5062500000000002 0.90625 0.5984375000000002 0.928125 0.5984375000000002
3 0.74375 0.5406250000000001 0.71875 0.540625 0.71875 0.6375000000000001 0.74375 0.6375000000000002
2 0.34843750000000007 0.5578125 0.31718750000000007 0.5578125 0.31718750000000007 0.6421875 0.34843750000000007 0.6421875
2 0.4578125 0.3968750000000001 0.4296875 0.3968750000000001 0.4296875 0.48125 0.4578125 0.48125
2 0.8140625 0.3703125000000001 0.79375 0.3703125000000001 0.79375 0.44843750000000016 0.8140625 0.44843750000000016
3 0.50625 0.2734375000000001 0.478125 0.2734375000000001 0.478125 0.3687500000000001 0.50625 0.3687500000000001
2 0.528125 0.3156250000000001 0.509375 0.3156250000000001 0.509375 0.3921875000000001 0.528125 0.3921875000000001
2 0.4421875 0.3750000000000001 0.41875 0.3750000000000001 0.41875 0.45 0.4421875 0.45
1 0.16093750000000007 0.5328125 0.13437500000000005 0.5328125 0.13437500000000008 0.6359375 0.1609375000000001 0.6359375
2 0.27812500000000007 0.625 0.2531250000000001 0.625 0.2531250000000001 0.7265625 0.27812500000000007 0.7265625
2 0.3656250000000001 0.571875 0.34062500000000007 0.571875 0.34062500000000007 0.671875 0.3656250000000001 0.671875
2 0.2890625000000001 0.6734375 0.2640625000000001 0.6734375 0.2640625000000001 0.771875 0.2890625000000001 0.771875
2 0.39531250000000007 0.63125 0.37187500000000007 0.63125 0.37187500000000007 0.7375 0.39531250000000007 0.7375
0 0.60625 0.5234375 0.5859375 0.5234375 0.5859375 0.54375 0.60625 0.54375
2 0.34375000000000006 0.3484375 0.315625 0.3484375 0.31562500000000004 0.4296875 0.3437500000000001 0.4296875