2 0.73125 0.3906250000000001 0.70625 0.3906250000000001 0.70625 0.4906250000000001 0.73125 0.4906250000000002
2 0.6703125 0.415625 0.6453125 0.415625 0.6453125 0.5140625 0.6703125 0.5140625
2 0.26093750000000004 0.3421875 0.2421875 0.3421875 0.24218750000000006 0.4359375 0.2609375000000001 0.4359375
2 0.4640625 0.25468750000000007 0.440625 0.25468750000000007 0.440625 0.3343750000000001 0.4640625 0.3343750000000001
2 0.06093750000000005 0.3453125 0.04062500000000004 0.3453125 0.04062500000000005 0.4359375 0.06093750000000005 0.4359375
2 0.3765625 0.29687500000000006 0.3578125 0.296875 0.35781250000000003 0.38750000000000007 0.3765625000000001 0.38750000000000007
2 0.684375 0.5 0.6640625 0.5 0.6640625 0.60625 0.684375 0.60625
3 0.5234375 0.3421875000000001 0.4984375 0.3421875000000001 0.4984375 0.4390625 0.5234375 0.4390625
2 0.5796875 0.2468750000000001 0.5515625 0.2468750000000001 0.5515625 0.3156250000000001 0.5796875 0.3156250000000001
2 0.553125 0.4203125 0.5296875 0.4203125 0.5296875 0.51875 0.553125 0.51875
2 0.037500000000000096 0.6828125 0.012500000000000084 0.6828125 0.012500000000000091 0.8015625 0.0375000000000001 0.8015625
2 0.8609375 0.6125000000000002 0.8359375 0.6125000000000002 0.8359375 0.7265625000000002 0.8609375 0.7265625000000002
2 0.5406250000000001 0.628125 0.51875 0.628125 0.51875 0.734375 0.5406250000000001 0.734375
2 0.2578125 0.23125 0.2421875 0.23125 0.2421875 0.3140625 0.2578125 0.3140625
2 0.546875 0.2921875000000001 0.5296875 0.2921875000000001 0.5296875 0.3734375000000001 0.546875 0.3734375000000001
2 0.7828125 0.49218750000000017 0.7578125 0.49218750000000017 0.7578125 0.6031250000000001 0.7828125 0.6031250000000001
2 0.5 0.3234375000000001 0.475 0.3234375000000001 0.475 0.4125 0.5 0.4125
0 0.278125 0.3046875 0.271875 0.3046875 0.271875 0.3234375 0.278125 0.3234375