2 0.5671875 0.2765625000000001 0.540625 0.2765625000000001 0.540625 0.3500000000000001 0.5671875 0.3500000000000001
2 0.5140625 0.20312500000000008 0.4921875 0.20312500000000008 0.4921875 0.2718750000000001 0.5140625 0.2718750000000001
3 0.3156250000000001 0.440625 0.2953125000000001 0.440625 0.2953125000000001 0.5390625 0.3156250000000001 0.5390625
2 0.25 0.259375 0.2296875 0.259375 0.2296875 0.34375 0.25 0.34375
2 0.4109375 0.4703125 0.39531250000000007 0.4703125 0.39531250000000007 0.565625 0.4109375 0.565625
2 0.6765625 0.37968750000000007 0.6609375 0.37968750000000007 0.6609375 0.465625 0.6765625 0.465625
2 0.5265625 0.36406250000000007 0.5078125 0.36406250000000007 0.5078125 0.4546875 0.5265625 0.4546875
2 0.9109375 0.3500000000000001 0.8953125 0.3500000000000001 0.8953125 0.44062500000000016 0.9109375 0.44062500000000016
2 0.6515625 0.534375 0.6296875 0.534375 0.6296875 0.640625 0.6515625 0.640625
2 0.6109375 0.54375 0.5921875 0.54375 0.5921875 0.65 0.6109375 0.65
2 0.284375 0.2625 0.265625 0.2625 0.265625 0.3375 0.284375 0.3375
2 0.6171875000000002 0.8859375 0.5921875000000002 0.8859375 0.5921875000000002 0.9984375 0.6171875000000002 0.9984375
2 0.828125 0.2390625000000001 0.8125 0.2390625000000001 0.8125 0.31718750000000007 0.828125 0.31718750000000007
3 0.17031250000000003 0.1578125 0.146875 0.1578125 0.14687500000000003 0.2328125 0.17031250000000003 0.2328125
2 0.3125000000000001 0.6921875 0.2812500000000001 0.6921875 0.2812500000000001 0.803125 0.3125000000000001 0.803125
0 0.7390625 0.2812500000000001 0.7234375 0.2812500000000001 0.7234375 0.3218750000000001 0.7390625 0.3218750000000001
2 0.58125 0.17343750000000008 0.5609375 0.17343750000000008 0.5609375 0.27031250000000007 0.58125 0.27031250000000007