2 0.471875 0.16406250000000006 0.44375 0.16406250000000006 0.44375 0.2562500000000001 0.471875 0.2562500000000001
2 0.07500000000000002 0.1171875 0.050000000000000024 0.1171875 0.050000000000000024 0.1703125 0.07500000000000002 0.1703125
2 0.3781250000000001 0.665625 0.34062500000000007 0.665625 0.34062500000000007 0.78125 0.3781250000000001 0.78125
2 0.5828125 0.2921875000000001 0.55 0.2921875000000001 0.55 0.38750000000000007 0.5828125 0.38750000000000007
2 0.5453125 0.5296875 0.5234375 0.5296875 0.5234375 0.6359375 0.5453125 0.6359375
2 0.515625 0.5453125 0.484375 0.5453125 0.484375 0.6671875 0.515625 0.6671875
2 0.4218750000000001 0.7171875 0.3843750000000001 0.7171875 0.3843750000000001 0.8140625 0.42187500000000017 0.8140625
2 0.5703125 0.446875 0.54375 0.446875 0.54375 0.5578125 0.5703125 0.5578125
2 0.884375 0.4546875000000002 0.85 0.4546875000000002 0.85 0.5734375000000002 0.884375 0.5734375000000002
2 0.85625 0.4734375000000002 0.83125 0.4734375000000002 0.83125 0.5828125000000002 0.85625 0.5828125000000002
2 0.6828125 0.2687500000000001 0.6609375 0.2687500000000001 0.6609375 0.3703125000000001 0.6828125 0.3703125000000001
0 0.3812500000000001 0.73125 0.3703125000000001 0.73125 0.3703125000000001 0.7625 0.3812500000000001 0.7625