2 0.3078125 0.2703125 0.2828125 0.2703125 0.2828125 0.35625 0.3078125 0.35625
2 0.4750000000000001 0.721875 0.45 0.721875 0.45000000000000007 0.8359375 0.4750000000000002 0.8359375
2 0.6265625 0.34062500000000007 0.6140625 0.34062500000000007 0.6140625 0.43125 0.6265625 0.43125
2 0.9046875 0.2296875000000001 0.88125 0.2296875000000001 0.88125 0.3109375000000001 0.9046875 0.3109375000000001
2 0.8421875 0.5203125000000002 0.8109375 0.5203125000000002 0.8109375 0.6265625000000001 0.8421875 0.6265625000000001
3 0.478125 0.403125 0.45625 0.403125 0.45625 0.49375 0.478125 0.49375
2 0.07031250000000006 0.45 0.037500000000000054 0.45 0.03750000000000006 0.54375 0.07031250000000007 0.54375
2 0.1859375000000001 0.6046875 0.1515625000000001 0.6046875 0.1515625000000001 0.7140625 0.1859375000000001 0.7140625
2 0.4890625 0.3156250000000001 0.4578125 0.3156250000000001 0.4578125 0.3937500000000001 0.4890625 0.3937500000000001
2 0.5734375 0.3187500000000001 0.5453125 0.3187500000000001 0.5453125 0.3984375000000001 0.5734375 0.3984375000000001
2 0.3218750000000001 0.65 0.3000000000000001 0.65 0.3000000000000001 0.753125 0.3218750000000001 0.753125
2 0.965625 0.4187500000000002 0.9484375 0.4187500000000002 0.9484375 0.5218750000000002 0.965625 0.5218750000000002
2 0.7984375000000001 0.6843750000000002 0.7671875 0.6843750000000002 0.7671875000000001 0.8015625 0.7984375000000001 0.8015625
0 0.40625 0.3109375000000001 0.3984375 0.3109375000000001 0.3984375 0.3296875000000001 0.40625 0.3296875000000001
2 0.425 0.2453125000000001 0.3984375 0.2453125000000001 0.3984375 0.3234375000000001 0.425 0.3234375000000001
2 0.709375 0.2656250000000001 0.696875 0.2656250000000001 0.696875 0.34843750000000007 0.709375 0.34843750000000007
2 0.9328125 0.5296875000000002 0.9 0.5296875000000002 0.9 0.6390625000000002 0.9328125 0.6390625000000002
2 0.6390625 0.4265625 0.6234375 0.4265625 0.6234375 0.521875 0.6390625 0.521875
2 0.50625 0.2656250000000001 0.48125 0.2656250000000001 0.48125 0.3437500000000001 0.50625 0.3437500000000001
2 0.48125 0.2515625000000001 0.4640625 0.2515625000000001 0.4640625 0.3140625000000001 0.48125 0.3140625000000001