2 0.3140625000000001 0.6921875 0.2921875000000001 0.6921875 0.2921875000000001 0.8015625 0.3140625000000001 0.8015625
2 0.4171875 0.478125 0.4 0.478125 0.4 0.56875 0.4171875 0.56875
2 0.5328125 0.3765625000000001 0.5125 0.3765625000000001 0.5125 0.4640625 0.5328125 0.4640625
2 0.5421875 0.2906250000000001 0.5234375 0.2906250000000001 0.5234375 0.3671875000000001 0.5421875 0.3671875000000001
3 0.33281250000000007 0.4546875 0.3109375000000001 0.4546875 0.3109375000000001 0.5515625 0.33281250000000007 0.5515625
2 0.03437500000000006 0.465625 0.014062500000000056 0.465625 0.014062500000000061 0.559375 0.034375000000000065 0.559375
2 0.65 0.54375 0.63125 0.54375 0.63125 0.646875 0.65 0.646875
2 0.9171875 0.3656250000000001 0.8984375 0.3656250000000001 0.8984375 0.4515625000000002 0.9171875 0.4515625000000002
2 0.6828125 0.3984375000000001 0.6671875 0.3984375000000001 0.6671875 0.484375 0.6828125 0.484375
2 0.628125 0.5578125 0.609375 0.5578125 0.609375 0.6578125 0.628125 0.6578125
3 0.19531250000000003 0.17187500000000003 0.1765625 0.171875 0.1765625 0.24375 0.19531250000000006 0.24375
2 0.6328125000000002 0.8796875 0.6109375000000001 0.8796875 0.6109375000000001 0.996875 0.6328125000000002 0.996875
2 0.540625 0.22031250000000008 0.51875 0.22031250000000008 0.51875 0.2875000000000001 0.540625 0.2875000000000001
2 0.84375 0.2593750000000001 0.83125 0.2593750000000001 0.83125 0.3343750000000001 0.84375 0.3343750000000001
2 0.25625 0.278125 0.2375 0.278125 0.2375 0.3546875 0.25625 0.3546875
2 0.5953125 0.21093750000000008 0.5796875 0.21093750000000008 0.5796875 0.27812500000000007 0.5953125 0.27812500000000007
2 0.240625 0.2765625 0.2203125 0.2765625 0.2203125 0.3546875 0.240625 0.3546875
0 0.6296875 0.27031250000000007 0.6140625 0.27031250000000007 0.6140625 0.2984375000000001 0.6296875 0.2984375000000001
2 0.02187500000000008 0.58125 0.0015625000000000714 0.58125 0.0015625000000000777 0.6859375 0.021875000000000082 0.6859375