2 0.22343750000000004 0.2953125 0.19218750000000004 0.2953125 0.19218750000000004 0.384375 0.2234375000000001 0.384375
2 0.2515625 0.2078125 0.2296875 0.2078125 0.2296875 0.2859375 0.2515625 0.2859375
2 0.1593750000000001 0.70625 0.12500000000000008 0.70625 0.12500000000000008 0.821875 0.1593750000000001 0.821875
2 0.5078125 0.5171875 0.4890625 0.5171875 0.4890625 0.621875 0.5078125 0.621875
2 0.578125 0.25468750000000007 0.55 0.25468750000000007 0.55 0.3312500000000001 0.578125 0.3312500000000001
2 0.3062500000000001 0.46875 0.27812500000000007 0.46875 0.27812500000000007 0.565625 0.3062500000000001 0.565625
2 0.4 0.4765625 0.3828125000000001 0.4765625 0.3828125000000001 0.5828125 0.4 0.5828125
2 0.7625 0.3546875000000001 0.7328125 0.3546875000000001 0.7328125 0.4437500000000002 0.7625 0.4437500000000002
2 0.496875 0.30156250000000007 0.478125 0.30156250000000007 0.478125 0.3812500000000001 0.496875 0.3812500000000001
3 0.19062500000000004 0.4296875 0.15937500000000004 0.4296875 0.15937500000000004 0.53125 0.19062500000000004 0.53125
2 0.990625 0.6734375000000001 0.953125 0.6734375000000001 0.953125 0.7984375000000001 0.990625 0.7984375000000001
0 0.709375 0.3125000000000001 0.7015625 0.3125000000000001 0.7015625 0.33281250000000007 0.709375 0.33281250000000007
2 0.721875 0.2468750000000001 0.703125 0.2468750000000001 0.703125 0.3296875000000001 0.721875 0.3296875000000001
2 0.4609375 0.30937500000000007 0.4421875 0.30937500000000007 0.4421875 0.3984375000000001 0.4609375 0.3984375000000001
2 0.275 0.3125 0.259375 0.3125 0.259375 0.3953125 0.2750000000000001 0.3953125
2 0.371875 0.17968750000000006 0.3546875 0.17968750000000006 0.3546875 0.26250000000000007 0.371875 0.26250000000000007
2 0.41406250000000017 0.965625 0.3765625000000001 0.965625 0.3765625000000001 1 0.41406250000000017 1