3 0.19687500000000005 0.38125 0.17500000000000004 0.38125 0.17500000000000004 0.4828125 0.19687500000000005 0.4828125
2 0.675 0.3656250000000001 0.6421875 0.3656250000000001 0.6421875 0.465625 0.675 0.465625
1 0.88125 0.3937500000000001 0.8625 0.3937500000000001 0.8625 0.5015625000000001 0.88125 0.5015625000000001
2 0.340625 0.2140625 0.3078125 0.2140625 0.3078125 0.2921875 0.340625 0.2921875
2 0.496875 0.3421875000000001 0.46875 0.3421875000000001 0.46875 0.434375 0.496875 0.434375
2 0.303125 0.225 0.271875 0.225 0.271875 0.2953125 0.303125 0.2953125
2 0.1453125000000001 0.59375 0.12343750000000009 0.59375 0.12343750000000009 0.7046875 0.1453125000000001 0.7046875
2 0.6609375 0.5640625 0.63125 0.5640625 0.63125 0.678125 0.6609375 0.678125
2 0.10781250000000005 0.3546875 0.08750000000000005 0.3546875 0.08750000000000005 0.453125 0.10781250000000005 0.453125
2 0.37968750000000007 0.5390625 0.3531250000000001 0.5390625 0.3531250000000001 0.634375 0.37968750000000007 0.634375
2 0.540625 0.5765625 0.5234375 0.5765625 0.5234375 0.6859375 0.540625 0.6859375
2 0.440625 0.2656250000000001 0.4234375 0.2656250000000001 0.4234375 0.3468750000000001 0.440625 0.3468750000000001
2 0.37187500000000007 0.4015625 0.3421875000000001 0.4015625 0.3421875000000001 0.5015625 0.37187500000000007 0.5015625
2 0.4671875 0.22656250000000008 0.4484375 0.22656250000000008 0.4484375 0.3062500000000001 0.4671875 0.3062500000000001
2 0.6390625 0.5125 0.6171875 0.5125 0.6171875 0.625 0.6390625 0.625
2 0.65 0.46875 0.63125 0.46875 0.63125 0.571875 0.65 0.571875
0 0.35 0.246875 0.3390625 0.246875 0.3390625 0.2671875 0.35 0.2671875
2 0.4734375 0.2953125000000001 0.45625 0.2953125000000001 0.45625 0.37968750000000007 0.4734375 0.37968750000000007
2 0.38281250000000006 0.35468750000000004 0.3625 0.3546875 0.36250000000000004 0.446875 0.3828125000000001 0.446875