2 0.753125 0.49531250000000016 0.73125 0.49531250000000016 0.73125 0.6031250000000001 0.753125 0.6031250000000001
2 0.3828125000000001 0.4140625 0.3468750000000001 0.4140625 0.3468750000000001 0.50625 0.3828125000000001 0.50625
2 0.04375000000000006 0.4828125 0.02187500000000006 0.4828125 0.021875000000000068 0.584375 0.04375000000000007 0.584375
2 0.4984375000000001 0.6859375 0.4765625 0.6859375 0.4765625000000001 0.7953125 0.4984375000000002 0.7953125
2 0.1671875000000001 0.5671875 0.14218750000000008 0.5671875 0.14218750000000008 0.6734375 0.1671875000000001 0.6734375
2 0.5375 0.5546875 0.515625 0.5546875 0.515625 0.6609375 0.5375 0.6609375
3 0.5328125 0.478125 0.5140625 0.478125 0.5140625 0.5859375 0.5328125 0.5859375
0 0.3375 0.30625 0.3234375 0.30625 0.3234375 0.3390625 0.3375 0.3390625
2 0.3375 0.246875 0.315625 0.246875 0.315625 0.3296875 0.3375 0.3296875
2 0.64375 0.3828125000000001 0.625 0.3828125000000001 0.625 0.465625 0.64375 0.465625
2 0.8171875 0.5953125000000001 0.7875 0.5953125000000001 0.7875 0.7109375000000002 0.8171875 0.7109375000000002
2 0.7734375000000002 0.80625 0.7468750000000002 0.80625 0.7468750000000002 0.9359375 0.7734375000000002 0.9359375
2 0.3156250000000001 0.79375 0.2953125000000001 0.79375 0.2953125000000001 0.909375 0.3156250000000001 0.909375
2 0.2312500000000001 0.5828125 0.2093750000000001 0.5828125 0.2093750000000001 0.69375 0.2312500000000001 0.69375
2 0.7515625 0.5859375000000002 0.73125 0.5859375000000002 0.73125 0.6937500000000002 0.7515625 0.6937500000000002
2 0.896875 0.81875 0.871875 0.81875 0.871875 0.953125 0.896875 0.953125
2 0.434375 0.4921875 0.4140625 0.4921875 0.4140625 0.596875 0.434375 0.596875
2 0.9234375 0.909375 0.89375 0.909375 0.89375 0.9984375 0.9234375 0.9984375
2 0.428125 0.428125 0.409375 0.428125 0.409375 0.5265625 0.428125 0.5265625
2 0.6031250000000001 0.653125 0.58125 0.653125 0.58125 0.7625 0.6031250000000001 0.7625