1 0.88125 0.3937500000000001 0.8625 0.3937500000000001 0.8625 0.5031250000000002 0.88125 0.5031250000000002
2 0.621875 0.575 0.5921875 0.575 0.5921875 0.6859375 0.621875 0.6859375
2 0.1062500000000001 0.5890625 0.08281250000000007 0.5890625 0.08281250000000008 0.7 0.1062500000000001 0.7
2 0.3343750000000001 0.4015625 0.30937500000000007 0.4015625 0.30937500000000007 0.5015625 0.3343750000000001 0.5015625
2 0.4765625 0.2828125000000001 0.4578125 0.2828125000000001 0.4578125 0.3656250000000001 0.4765625 0.3656250000000001
3 0.17187500000000006 0.375 0.14843750000000006 0.375 0.14843750000000006 0.4734375 0.17187500000000006 0.4734375
2 0.478125 0.2093750000000001 0.4546875 0.2093750000000001 0.4546875 0.2875000000000001 0.478125 0.2875000000000001
2 0.10937500000000004 0.34375 0.08750000000000005 0.34375 0.08750000000000005 0.4390625 0.10937500000000004 0.4390625
2 0.3218750000000001 0.5359375 0.30156250000000007 0.5359375 0.30156250000000007 0.6359375 0.3218750000000001 0.6359375
2 0.43125 0.2484375000000001 0.4109375 0.2484375000000001 0.4109375 0.3296875000000001 0.43125 0.3296875000000001
2 0.6453125 0.3609375000000001 0.61875 0.3609375000000001 0.61875 0.4625 0.6453125 0.4625
2 0.415625 0.3218750000000001 0.3984375 0.3218750000000001 0.39843750000000006 0.415625 0.415625 0.415625
2 0.6265625 0.46875 0.6015625 0.46875 0.6015625 0.5796875 0.6265625 0.5796875
2 0.340625 0.2125 0.321875 0.2125 0.321875 0.2984375 0.340625 0.2984375
2 0.3578125 0.2078125 0.3375 0.2078125 0.3375 0.290625 0.3578125 0.290625
2 0.496875 0.5828125 0.478125 0.5828125 0.478125 0.6953125 0.496875 0.6953125
2 0.590625 0.5140625 0.5765625 0.5140625 0.5765625 0.625 0.590625 0.625
2 0.35000000000000003 0.3484375 0.334375 0.3484375 0.33437500000000003 0.4375 0.3500000000000001 0.4375