0 0.3375000000000001 0.471875 0.3281250000000001 0.471875 0.3281250000000001 0.4875 0.3375000000000001 0.4875
2 0.5015625 0.484375 0.459375 0.484375 0.459375 0.571875 0.5015625 0.571875
2 0.4734375 0.2984375000000001 0.4390625 0.2984375000000001 0.4390625 0.3781250000000001 0.4734375 0.3781250000000001
2 0.6328125000000002 0.7921875 0.6078125000000002 0.7921875 0.6078125000000002 0.9140625 0.6328125000000002 0.9140625
2 0.4203125 0.5015625 0.3921875000000001 0.5015625 0.3921875000000001 0.596875 0.4203125 0.596875
2 0.753125 0.4343750000000002 0.73125 0.4343750000000002 0.73125 0.5281250000000002 0.753125 0.5281250000000002
2 0.628125 0.5796875 0.609375 0.5796875 0.609375 0.6828125 0.628125 0.6828125
2 0.046875000000000076 0.571875 0.02187500000000007 0.571875 0.02187500000000008 0.684375 0.04687500000000009 0.684375
2 0.8015625 0.4593750000000002 0.778125 0.4593750000000002 0.778125 0.5609375000000002 0.8015625 0.5609375000000002
2 0.7656250000000001 0.6609375000000002 0.740625 0.6609375000000002 0.7406250000000001 0.7703125000000002 0.7656250000000002 0.7703125000000002
3 0.403125 0.5296875 0.3781250000000001 0.5296875 0.3781250000000001 0.6421875 0.403125 0.6421875
2 0.8734375 0.4828125000000002 0.8453125 0.4828125000000002 0.8453125 0.5859375000000002 0.8734375 0.5859375000000002
2 0.878125 0.4656250000000002 0.853125 0.4656250000000002 0.853125 0.5593750000000002 0.878125 0.5593750000000002