0 0.603125 0.4984375 0.5953125 0.4984375 0.5953125 0.5140625 0.603125 0.5140625
0 0.07656250000000009 0.6859375 0.0671875000000001 0.6859375 0.0671875000000001 0.7 0.07656250000000009 0.7
2 0.5750000000000002 0.78125 0.5187500000000002 0.78125 0.5187500000000002 0.884375 0.5750000000000002 0.884375
2 0.6328125000000001 0.6640625 0.596875 0.6640625 0.596875 0.7609375 0.6328125000000002 0.7609375
2 0.4296875 0.6015625 0.4078125 0.6015625 0.4078125 0.6921875 0.4296875 0.6921875
2 0.85625 0.5359375000000002 0.834375 0.5359375000000002 0.834375 0.6296875000000002 0.85625 0.6296875000000002
3 0.9875 0.5750000000000002 0.9546875 0.5750000000000002 0.9546875 0.6812500000000001 0.9875 0.6812500000000001
2 0.721875 0.3437500000000001 0.703125 0.3437500000000001 0.703125 0.434375 0.721875 0.434375
1 0.2687500000000001 0.5171875 0.2375000000000001 0.5171875 0.2375000000000001 0.621875 0.2687500000000001 0.621875
2 0.3531250000000001 0.6625 0.3265625000000001 0.6625 0.3265625000000001 0.7515625 0.3531250000000001 0.7515625
2 0.5265625 0.5765625 0.5015625 0.5765625 0.5015625 0.6671875 0.5265625 0.6671875
2 0.9109375 0.6343750000000001 0.8859375 0.6343750000000001 0.8859375 0.7265625000000002 0.9109375 0.7265625000000002
2 0.746875 0.4671875000000001 0.725 0.4671875 0.725 0.5671875000000001 0.746875 0.5671875000000002
2 0.49375 0.428125 0.4734375 0.428125 0.4734375 0.5203125 0.49375 0.5203125
2 0.5546875 0.5859375 0.5296875 0.5859375 0.5296875 0.6828125 0.5546875 0.6828125
3 0.8109375 0.23437500000000008 0.7796875 0.23437500000000008 0.7796875 0.3296875000000001 0.8109375 0.3296875000000001
2 0.7765625 0.3921875000000001 0.753125 0.3921875000000001 0.753125 0.48437500000000017 0.7765625 0.48437500000000017
2 0.7828125 0.3656250000000001 0.765625 0.3656250000000001 0.765625 0.44531250000000017 0.7828125 0.44531250000000017