2 0.30781250000000004 0.3625 0.290625 0.3625 0.290625 0.4453125 0.3078125000000001 0.4453125
0 0.5984375 0.53125 0.590625 0.53125 0.590625 0.5453125 0.5984375 0.5453125
2 0.5937500000000002 0.8046875 0.5640625000000001 0.8046875 0.5640625000000001 0.9171875 0.5937500000000002 0.9171875
2 0.475 0.48125 0.4359375 0.48125 0.4359375 0.56875 0.475 0.56875
2 0.5625 0.54375 0.525 0.54375 0.525 0.625 0.5625 0.625
3 0.7375 0.5406250000000001 0.709375 0.540625 0.709375 0.6421875000000001 0.7375 0.6421875000000001
2 0.8953125 0.5125000000000002 0.86875 0.5125000000000002 0.86875 0.5984375000000002 0.8953125 0.5984375000000002
2 0.796875 0.3687500000000001 0.778125 0.3687500000000001 0.778125 0.4546875000000002 0.796875 0.4546875000000002
2 0.7140625 0.6421875 0.690625 0.6421875 0.690625 0.7515625 0.7140625000000002 0.7515625
2 0.3921875000000001 0.640625 0.36406250000000007 0.640625 0.36406250000000007 0.728125 0.3921875000000001 0.728125
1 0.14531250000000007 0.540625 0.12187500000000004 0.540625 0.12187500000000007 0.640625 0.1453125000000001 0.640625
3 0.4984375 0.2765625000000001 0.4734375 0.2765625000000001 0.4734375 0.3531250000000001 0.4984375 0.3531250000000001
2 0.5109375 0.3187500000000001 0.4921875 0.3187500000000001 0.4921875 0.4 0.5109375 0.4
2 0.5734375 0.4625 0.5484375 0.4625 0.5484375 0.53125 0.5734375 0.53125
2 0.2828125000000001 0.63125 0.2609375000000001 0.63125 0.2609375000000001 0.7296875 0.2828125000000001 0.7296875
2 0.2718750000000001 0.675 0.24218750000000008 0.675 0.24218750000000008 0.7765625 0.2718750000000001 0.7765625
2 0.3359375000000001 0.5796875 0.30937500000000007 0.5796875 0.30937500000000007 0.678125 0.3359375000000001 0.678125
2 0.4359375 0.4171875 0.409375 0.4171875 0.409375 0.4921875 0.4359375 0.4921875