2 0.3031250000000001 0.484375 0.2656250000000001 0.484375 0.2656250000000001 0.59375 0.3031250000000001 0.59375
2 0.17656250000000007 0.5203125 0.15156250000000004 0.5203125 0.15156250000000007 0.61875 0.1765625000000001 0.61875
2 0.5921875 0.434375 0.56875 0.434375 0.56875 0.5375 0.5921875 0.5375
2 0.45 0.3578125000000001 0.4265625 0.3578125000000001 0.4265625 0.4671875 0.45 0.4671875
2 0.584375 0.2484375000000001 0.5625 0.2484375000000001 0.5625 0.33281250000000007 0.584375 0.33281250000000007
2 0.471875 0.2375000000000001 0.45 0.2375000000000001 0.45 0.3296875000000001 0.471875 0.3296875000000001
2 0.86875 0.5578125000000002 0.840625 0.5578125000000002 0.840625 0.6593750000000002 0.86875 0.6593750000000002
2 0.3140625 0.3296875 0.284375 0.3296875 0.28437500000000004 0.43125 0.3140625000000001 0.43125
2 0.521875 0.35625000000000007 0.5 0.35625000000000007 0.5 0.4453125 0.521875 0.4453125
2 0.625 0.55 0.6015625 0.55 0.6015625 0.659375 0.625 0.659375
2 0.825 0.38750000000000007 0.8 0.38750000000000007 0.8 0.4828125000000002 0.825 0.4828125000000002
2 0.3296875000000001 0.4765625 0.3078125000000001 0.4765625 0.3078125000000001 0.5828125 0.3296875000000001 0.5828125
2 0.875 0.2687500000000001 0.84375 0.2687500000000001 0.84375 0.35625000000000007 0.875 0.35625000000000007
2 0.11562500000000009 0.5703125 0.08437500000000006 0.5703125 0.08437500000000007 0.6671875 0.11562500000000009 0.6671875
2 0.5078125 0.2687500000000001 0.4859375 0.2687500000000001 0.4859375 0.35625000000000007 0.5078125 0.35625000000000007
3 0.7671875 0.4593750000000002 0.7421875 0.4593750000000002 0.7421875 0.5625000000000002 0.7671875 0.5625000000000002
2 0.4750000000000001 0.61875 0.440625 0.61875 0.4406250000000001 0.7265625 0.4750000000000002 0.7265625
2 0.4609375 0.5796875 0.43125 0.5796875 0.43125 0.65 0.4609375 0.65
0 0.4890625 0.6234375 0.4734375 0.6234375 0.4734375 0.6640625 0.4890625 0.6640625
3 0.5875 0.09843750000000007 0.5640625 0.09843750000000007 0.5640625 0.1984375000000001 0.5875 0.1984375000000001