2 0.7609375 0.20312500000000008 0.740625 0.20312500000000008 0.740625 0.3000000000000001 0.7609375 0.3000000000000001
2 0.3359375000000001 0.56875 0.30937500000000007 0.56875 0.30937500000000007 0.6890625 0.3359375000000001 0.6890625
2 0.4484375 0.07500000000000004 0.428125 0.07500000000000004 0.428125 0.15625000000000006 0.4484375 0.15625000000000006
2 0.10625000000000002 0.1765625 0.09062500000000002 0.1765625 0.09062500000000002 0.265625 0.10625000000000004 0.265625
2 0.49687500000000007 0.696875 0.4734375 0.696875 0.47343750000000007 0.8171875 0.4968750000000002 0.8171875
2 0.02968750000000005 0.31875 0.00937500000000004 0.31875 0.009375000000000046 0.4203125 0.029687500000000054 0.4203125
2 0.3390625000000001 0.453125 0.32500000000000007 0.453125 0.32500000000000007 0.553125 0.3390625000000001 0.553125
2 0.01875000000000008 0.575 7.041719095097281e-17 0.575 7.749718025854345e-17 0.690625 0.018750000000000083 0.690625
2 0.5046875 0.38750000000000007 0.484375 0.38750000000000007 0.484375 0.484375 0.5046875 0.484375
2 0.703125 0.5890625 0.68125 0.5890625 0.68125 0.7140625 0.703125 0.7140625
0 0.48750000000000016 0.79375 0.47187500000000016 0.79375 0.47187500000000016 0.8171875 0.48750000000000016 0.8171875