2 0.5265625 0.4125 0.4828125 0.4125 0.4828125 0.5015625 0.5265625 0.5015625
2 0.1921875000000001 0.5609375 0.1593750000000001 0.5609375 0.1593750000000001 0.6640625 0.1921875000000001 0.6640625
2 0.609375 0.3234375000000001 0.5765625 0.3234375000000001 0.5765625 0.4078125 0.609375 0.4078125
0 0.4359375 0.4109375 0.421875 0.4109375 0.421875 0.4359375 0.4359375 0.4359375
2 0.459375 0.3609375000000001 0.428125 0.3609375000000001 0.428125 0.4296875 0.459375 0.4296875
2 0.27031250000000007 0.75625 0.24375000000000008 0.75625 0.24375000000000008 0.8734375 0.27031250000000007 0.8734375
2 0.4312500000000002 0.7421875 0.4031250000000002 0.7421875 0.4031250000000002 0.8625 0.4312500000000002 0.8625
2 0.703125 0.496875 0.684375 0.496875 0.684375 0.5984375 0.703125 0.5984375
3 0.7796875 0.5281250000000002 0.746875 0.5281250000000002 0.746875 0.6218750000000002 0.7796875 0.6218750000000002
2 0.021875000000000068 0.4796875 5.87447761465996e-17 0.4796875 6.496368567351975e-17 0.58125 0.02187500000000007 0.58125
2 0.775 0.46875000000000017 0.7484375 0.46875000000000017 0.7484375 0.5625000000000002 0.775 0.5625000000000002