2 0.740625 0.3859375000000001 0.703125 0.3859375000000001 0.703125 0.4765625000000001 0.740625 0.47656250000000017
0 0.421875 0.43125 0.4109375 0.43125 0.4109375 0.4515625 0.421875 0.4515625
2 0.45625 0.3812500000000001 0.409375 0.3812500000000001 0.409375 0.459375 0.45625 0.459375
2 0.553125 0.403125 0.53125 0.403125 0.53125 0.471875 0.553125 0.471875
2 0.6109375000000001 0.6609375 0.5890625 0.6609375 0.5890625 0.765625 0.6109375000000001 0.765625
2 0.3671875000000001 0.41875 0.3437500000000001 0.41875 0.3437500000000001 0.50625 0.3671875000000001 0.50625
3 0.5015625 0.2468750000000001 0.4703125 0.2468750000000001 0.4703125 0.3234375000000001 0.5015625 0.3234375000000001
2 0.1750000000000001 0.5828125 0.1437500000000001 0.5828125 0.1437500000000001 0.6796875 0.1750000000000001 0.6796875
2 0.2000000000000001 0.5953125 0.17187500000000008 0.5953125 0.17187500000000008 0.7 0.2000000000000001 0.7
2 0.19062500000000007 0.534375 0.16406250000000006 0.534375 0.16406250000000006 0.634375 0.1906250000000001 0.634375
3 0.69375 0.5296875 0.665625 0.5296875 0.665625 0.6296875 0.69375 0.6296875