2 0.5625000000000001 0.7140625 0.5359375 0.7140625 0.5359375000000001 0.84375 0.5625000000000002 0.84375
2 0.8625 0.3296875000000001 0.8390625 0.3296875000000001 0.8390625 0.4437500000000002 0.8625 0.4437500000000002
2 0.3703125000000001 0.38593750000000004 0.3390625000000001 0.3859375 0.3390625000000001 0.50625 0.3703125000000001 0.50625
2 0.20468750000000008 0.4171875 0.16406250000000006 0.4171875 0.16406250000000006 0.5359375 0.20468750000000008 0.5359375
2 0.2375 0.2328125 0.2125 0.2328125 0.2125 0.340625 0.2375 0.340625
2 0.20625 0.12343750000000002 0.16875 0.1234375 0.16875 0.225 0.20625 0.225
2 0.4953125 0.06562500000000007 0.48125 0.06562500000000007 0.48125 0.15625000000000006 0.4953125 0.15625000000000006
2 0.1500000000000001 0.7703125 0.12500000000000008 0.7703125 0.1250000000000001 0.915625 0.15000000000000013 0.915625
2 0.61875 0.2640625000000001 0.6015625 0.2640625000000001 0.6015625 0.3687500000000001 0.61875 0.3687500000000001
2 0.26250000000000007 0.590625 0.24375000000000008 0.590625 0.24375000000000008 0.7203125 0.26250000000000007 0.7203125
2 0.890625 1.0753929705012696e-16 0.865625 1.0600848855119278e-16 0.865625 0.0718750000000001 0.890625 0.0718750000000001
0 0.5546875000000002 0.8015625 0.5468750000000002 0.8015625 0.5468750000000002 0.8171875 0.5546875000000002 0.8171875