3 0.08750000000000005 0.346875 0.050000000000000044 0.346875 0.05000000000000006 0.45625 0.08750000000000006 0.45625
2 0.4906250000000001 0.6734375 0.44375 0.6734375 0.4437500000000001 0.784375 0.4906250000000002 0.784375
2 0.24375000000000005 0.31875 0.20625 0.31875 0.20625000000000004 0.4140625 0.24375000000000008 0.4140625
2 0.5421875 0.3281250000000001 0.50625 0.3281250000000001 0.50625 0.43125 0.5421875 0.43125
2 0.6234375 0.4265625 0.5875 0.4265625 0.5875 0.5203125 0.6234375 0.5203125
2 0.4281250000000002 0.7625 0.38750000000000007 0.7625 0.38750000000000007 0.8828125 0.4281250000000002 0.8828125
2 0.534375 0.4359375 0.515625 0.4359375 0.515625 0.534375 0.534375 0.534375
2 0.3781250000000001 0.453125 0.3500000000000001 0.453125 0.3500000000000001 0.5453125 0.3781250000000001 0.5453125
2 0.09531250000000002 0.1203125 0.06875000000000002 0.1203125 0.06875000000000002 0.2 0.09531250000000002 0.2
2 0.375 0.16406250000000006 0.35 0.16406250000000006 0.35 0.25312500000000004 0.375 0.2531250000000001
2 0.40625 0.44375 0.3812500000000001 0.44375 0.3812500000000001 0.5546875 0.40625 0.5546875
3 0.99375 0.946875 0.965625 0.946875 0.965625 1 0.99375 1
0 0.4546875000000002 0.8609375 0.4437500000000002 0.8609375 0.4437500000000002 0.8875 0.4546875000000002 0.8875