3 0.12500000000000006 0.359375 0.10156250000000004 0.359375 0.10156250000000004 0.4609375 0.12500000000000006 0.4609375
2 0.09375000000000004 0.325 0.07031250000000004 0.325 0.07031250000000004 0.4203125 0.09375000000000004 0.4203125
2 0.04375000000000008 0.5734375 0.018750000000000072 0.5734375 0.01875000000000008 0.684375 0.04375000000000009 0.684375
1 0.88125 0.3937500000000001 0.8625 0.3937500000000001 0.8625 0.5015625000000001 0.88125 0.5015625000000001
2 0.2812500000000001 0.4015625 0.2656250000000001 0.4015625 0.2656250000000001 0.5015625 0.2812500000000001 0.5015625
2 0.646875 0.3593750000000001 0.628125 0.3593750000000001 0.628125 0.4609375 0.646875 0.4609375
2 0.36562500000000003 0.30156250000000007 0.334375 0.3015625 0.33437500000000003 0.384375 0.3656250000000001 0.3843750000000001
2 0.5578125 0.5890625 0.5328125 0.5890625 0.5328125 0.7 0.5578125 0.7
2 0.2406250000000001 0.53125 0.2218750000000001 0.53125 0.2218750000000001 0.63125 0.2406250000000001 0.63125
2 0.4296875 0.59375 0.4078125 0.59375 0.4078125 0.7078125 0.4296875 0.7078125
2 0.4234375 0.2250000000000001 0.40625 0.2250000000000001 0.40625 0.3078125000000001 0.4234375 0.3078125000000001
2 0.4359375 0.21250000000000008 0.409375 0.21250000000000008 0.409375 0.29375000000000007 0.4359375 0.29375000000000007
2 0.496875 0.2640625000000001 0.478125 0.2640625000000001 0.478125 0.3500000000000001 0.496875 0.3500000000000001
2 0.5953125 0.4671875 0.578125 0.4671875 0.578125 0.5734375 0.5953125 0.5734375
2 0.35625 0.221875 0.328125 0.221875 0.328125 0.3 0.35625 0.3
2 0.4734375 0.2078125000000001 0.4578125 0.2078125000000001 0.4578125 0.2796875000000001 0.4734375 0.2796875000000001
2 0.5359375 0.5125 0.5140625 0.5125 0.5140625 0.6203125 0.5359375 0.6203125
0 0.3671875 0.24375000000000005 0.3578125 0.24375 0.3578125 0.26093750000000004 0.3671875 0.2609375000000001
2 0.29687500000000006 0.3453125 0.28125 0.3453125 0.28125000000000006 0.4390625 0.2968750000000001 0.4390625