3 0.3734375000000001 0.5875 0.3343750000000001 0.5875 0.3343750000000001 0.7015625 0.3734375000000001 0.7015625
2 0.953125 0.7390625000000002 0.9125 0.7390625000000002 0.9125 0.859375 0.953125 0.859375
2 0.2796875000000001 0.709375 0.2453125000000001 0.709375 0.2453125000000001 0.821875 0.2796875000000001 0.821875
2 0.8203125 0.4390625000000002 0.7984375 0.4390625000000002 0.7984375 0.5359375000000002 0.8203125 0.5359375000000002
2 0.8640625 0.7484375000000002 0.8359375 0.7484375000000002 0.8359375 0.8625 0.8640625 0.8625
2 0.11093750000000006 0.5359375 0.07968750000000006 0.5359375 0.07968750000000008 0.6421875 0.11093750000000009 0.6421875
2 0.14218750000000005 0.3875 0.11718750000000004 0.3875 0.11718750000000004 0.4765625 0.14218750000000005 0.4765625
0 0.521875 0.3703125000000001 0.509375 0.3703125000000001 0.509375 0.3921875000000001 0.521875 0.3921875000000001
2 0.540625 0.3125000000000001 0.5140625 0.3125000000000001 0.5140625 0.3937500000000001 0.540625 0.3937500000000001
2 0.3921875 0.33281250000000007 0.3734375 0.33281250000000007 0.37343750000000003 0.4171875 0.3921875000000001 0.4171875
2 0.6296875 0.4109375 0.6125 0.4109375 0.6125 0.496875 0.6296875 0.496875
3 0.009375000000000036 0.2453125 3.004211679158351e-17 0.2453125 3.587832419377011e-17 0.340625 0.009375000000000041 0.340625