2 0.31562500000000004 0.346875 0.290625 0.346875 0.290625 0.4484375 0.3156250000000001 0.4484375
2 0.2250000000000001 0.5984375 0.18750000000000008 0.5984375 0.18750000000000008 0.715625 0.2250000000000001 0.715625
2 0.678125 0.5296875 0.65 0.5296875 0.65 0.64375 0.678125 0.64375
2 0.396875 0.2062500000000001 0.375 0.2062500000000001 0.375 0.2953125000000001 0.396875 0.2953125000000001
2 0.978125 0.32500000000000007 0.95625 0.32500000000000007 0.95625 0.42968750000000017 0.978125 0.42968750000000017
2 0.634375 0.35625000000000007 0.60625 0.35625000000000007 0.60625 0.4515625 0.634375 0.4515625
2 0.6203125 0.659375 0.584375 0.659375 0.5843750000000001 0.771875 0.6203125000000002 0.771875
2 0.3703125000000001 0.453125 0.34843750000000007 0.453125 0.34843750000000007 0.553125 0.3703125000000001 0.553125
2 0.484375 0.19687500000000005 0.465625 0.19687500000000005 0.465625 0.29375000000000007 0.484375 0.29375000000000007
2 0.7359375 0.07187500000000009 0.721875 0.07187500000000009 0.721875 0.1609375000000001 0.7359375 0.1609375000000001
2 0.3828125000000001 0.39531250000000007 0.36406250000000007 0.39531250000000007 0.36406250000000007 0.484375 0.3828125000000001 0.484375
2 0.8890625 0.1984375000000001 0.86875 0.1984375000000001 0.86875 0.2812500000000001 0.8890625 0.2812500000000001
2 0.740625 0.5718750000000001 0.715625 0.571875 0.715625 0.6796875000000001 0.740625 0.6796875000000002
2 0.534375 0.2796875000000001 0.509375 0.2796875000000001 0.509375 0.37187500000000007 0.534375 0.37187500000000007
3 0.746875 0.3546875000000001 0.725 0.3546875000000001 0.725 0.4640625000000001 0.746875 0.46406250000000016
2 0.01562500000000003 0.1984375 2.430158492058029e-17 0.1984375 3.0711845509867216e-17 0.303125 0.015625000000000038 0.303125
0 0.2250000000000001 0.684375 0.2140625000000001 0.684375 0.2140625000000001 0.709375 0.2250000000000001 0.709375