0 0.4 0.3859375000000001 0.3937500000000001 0.3859375000000001 0.3937500000000001 0.3984375000000001 0.4 0.3984375000000001
2 0.5468750000000001 0.6765625 0.515625 0.6765625 0.5156250000000001 0.790625 0.5468750000000002 0.790625
2 0.515625 0.23593750000000008 0.490625 0.23593750000000008 0.490625 0.30937500000000007 0.515625 0.30937500000000007
2 0.7921875000000002 0.821875 0.7578125000000002 0.821875 0.7578125000000002 0.946875 0.7921875000000002 0.946875
2 0.2062500000000001 0.575 0.18125000000000008 0.575 0.18125000000000008 0.68125 0.2062500000000001 0.68125
2 0.11093750000000006 0.471875 0.08750000000000006 0.471875 0.08750000000000006 0.575 0.11093750000000009 0.575
2 0.6000000000000001 0.6625 0.5703125 0.6625 0.5703125000000001 0.771875 0.6000000000000002 0.771875
2 0.3515625000000001 0.4046875 0.31718750000000007 0.4046875 0.31718750000000007 0.496875 0.3515625000000001 0.496875
2 0.778125 0.5750000000000002 0.75 0.5750000000000002 0.75 0.6812500000000001 0.778125 0.6812500000000001
2 0.5625 0.55625 0.534375 0.55625 0.534375 0.659375 0.5625 0.659375
2 0.471875 0.5015625 0.44375 0.5015625 0.44375 0.60625 0.471875 0.60625
2 0.4734375 0.4296875 0.4515625 0.4296875 0.4515625 0.5203125 0.4734375 0.5203125
3 0.5734375 0.475 0.5484375 0.475 0.5484375 0.5734375 0.5734375 0.5734375
2 0.2750000000000001 0.5921875 0.2531250000000001 0.5921875 0.2531250000000001 0.696875 0.2750000000000001 0.696875
2 0.7015625 0.3921875000000001 0.6828125 0.3921875000000001 0.6828125 0.4734375 0.7015625 0.4734375
2 0.8546875 0.5843750000000002 0.8296875 0.5843750000000002 0.8296875 0.7031250000000002 0.8546875 0.7031250000000002
2 0.940625 0.8578125 0.9171875 0.8578125 0.9171875 0.9921875 0.940625 0.9921875
2 0.790625 0.5031250000000002 0.76875 0.5031250000000002 0.76875 0.5984375000000002 0.790625 0.5984375000000002
2 0.3500000000000001 0.775 0.3281250000000001 0.775 0.3281250000000001 0.890625 0.3500000000000001 0.890625