2 0.2 0.2453125 0.17187500000000006 0.2453125 0.17187500000000006 0.353125 0.2 0.353125
2 0.3187500000000001 0.4015625 0.2843750000000001 0.4015625 0.2843750000000001 0.5203125 0.3187500000000001 0.5203125
2 0.12187500000000011 0.8 0.09687500000000009 0.8 0.0968750000000001 0.946875 0.12187500000000014 0.946875
2 0.13906250000000006 0.434375 0.11250000000000004 0.434375 0.11250000000000007 0.553125 0.1390625000000001 0.553125
2 0.846875 1.0246849389740744e-16 0.8265625 1.0122471199202341e-16 0.8265625 0.07812500000000011 0.846875 0.07812500000000011
2 0.5734375 0.2843750000000001 0.553125 0.2843750000000001 0.553125 0.3859375000000001 0.5734375 0.3859375000000001
2 0.1453125 0.140625 0.1265625 0.140625 0.12656250000000002 0.2453125 0.14531250000000004 0.2453125
2 0.440625 0.07812500000000004 0.421875 0.07812500000000004 0.421875 0.17031250000000003 0.440625 0.17031250000000003
2 0.8015625 0.3515625000000001 0.7796875 0.3515625000000001 0.7796875 0.46093750000000017 0.8015625 0.46093750000000017
2 0.2562500000000001 0.59375 0.23437500000000008 0.59375 0.23437500000000008 0.7203125 0.2562500000000001 0.7203125
2 0.5328125000000001 0.7 0.49375 0.7 0.4937500000000001 0.825 0.5328125000000001 0.825
0 0.5250000000000001 0.790625 0.5125000000000002 0.790625 0.5125000000000002 0.8171875 0.5250000000000001 0.8171875