2 0.24843750000000003 0.278125 0.2078125 0.278125 0.20781250000000004 0.39375 0.2484375000000001 0.39375
2 0.5296875000000001 0.6546875 0.471875 0.6546875 0.4718750000000001 0.7828125 0.5296875000000002 0.7828125
2 0.60625 0.4328125 0.565625 0.4328125 0.565625 0.559375 0.60625 0.559375
2 0.753125 0.4328125000000001 0.7125 0.4328125 0.7125 0.5671875000000001 0.753125 0.5671875000000002
2 0.4078125 0.09531250000000005 0.3828125 0.09531250000000005 0.3828125 0.20468750000000008 0.4078125 0.20468750000000008
2 0.7781250000000001 0.7156250000000002 0.7421875 0.7156250000000002 0.7421875000000001 0.85625 0.7781250000000002 0.85625
2 0.66875 8.055879725641184e-17 0.646875 7.921933981984441e-17 0.646875 0.0750000000000001 0.66875 0.0750000000000001
2 0.3109375 0.15781250000000005 0.2890625 0.15781250000000005 0.2890625 0.2703125 0.3109375 0.2703125
2 0.4875000000000001 0.625 0.4578125 0.625 0.45781250000000007 0.7609375 0.48750000000000016 0.7609375
2 0.621875 7.48182653854086e-17 0.6 7.347880794884119e-17 0.6 0.03593750000000008 0.621875 0.03593750000000008
0 0.5375000000000001 0.7171875 0.525 0.7171875 0.5250000000000001 0.7421875 0.5375000000000002 0.7421875
3 0.5203125000000002 0.8671875 0.4812500000000002 0.8671875 0.4812500000000002 1 0.5203125000000002 1