2 0.2171875000000001 0.7015625 0.1765625000000001 0.7015625 0.1765625000000001 0.8109375 0.2171875000000001 0.8109375
2 0.4390625 0.37187500000000007 0.3921875000000001 0.37187500000000007 0.3921875000000001 0.4578125 0.4390625 0.4578125
2 0.7484375000000002 0.7718750000000001 0.7062500000000002 0.771875 0.7062500000000002 0.89375 0.7484375000000002 0.89375
2 0.15000000000000008 0.6390625 0.09687500000000009 0.6390625 0.09687500000000009 0.7296875 0.15000000000000008 0.7296875
2 0.1750000000000001 0.5796875 0.1218750000000001 0.5796875 0.1218750000000001 0.6828125 0.1750000000000001 0.6828125
2 0.5078125 0.39531250000000007 0.4734375 0.39531250000000007 0.4734375 0.4875 0.5078125 0.4875
2 0.584375 0.3359375000000001 0.559375 0.3359375000000001 0.559375 0.428125 0.584375 0.428125
2 0.9734375 0.46406250000000016 0.9390625 0.46406250000000016 0.9390625 0.5671875000000002 0.9734375 0.5671875000000002
2 0.6203125 0.2796875000000001 0.5859375 0.2796875000000001 0.5859375 0.37187500000000007 0.6203125 0.37187500000000007
2 0.35468750000000004 0.2765625 0.3203125 0.2765625 0.32031250000000006 0.375 0.3546875000000001 0.375
2 0.36562500000000003 0.30781250000000004 0.325 0.3078125 0.32500000000000007 0.38906250000000003 0.3656250000000001 0.3890625000000001
3 0.684375 0.35625000000000007 0.6453125 0.35625000000000007 0.6453125 0.4390625 0.684375 0.4390625
0 0.3140625000000001 0.45625 0.30156250000000007 0.45625 0.30156250000000007 0.4796875 0.3140625000000001 0.4796875
2 0.603125 0.21875000000000008 0.5765625 0.21875000000000008 0.5765625 0.3046875000000001 0.603125 0.3046875000000001
2 0.6890625 0.3359375000000001 0.665625 0.3359375000000001 0.665625 0.4234375 0.6890625 0.4234375
2 0.73125 0.23437500000000008 0.7078125 0.23437500000000008 0.7078125 0.3187500000000001 0.73125 0.3187500000000001
2 0.784375 0.22031250000000008 0.7578125 0.22031250000000008 0.7578125 0.3203125000000001 0.784375 0.3203125000000001
2 0.8484375 0.3156250000000001 0.8203125 0.3156250000000001 0.8203125 0.4078125000000002 0.8484375 0.4078125000000002