2 0.828125 0.3468750000000001 0.796875 0.3468750000000001 0.796875 0.4703125000000002 0.828125 0.4703125000000002
2 0.95 0.3125000000000001 0.925 0.3125000000000001 0.925 0.4390625000000002 0.95 0.4390625000000002
2 0.4875 0.04062500000000006 0.465625 0.04062500000000006 0.465625 0.14687500000000003 0.4875 0.14687500000000003
2 0.059375000000000025 0.1125 0.03437500000000001 0.1125 0.03437500000000002 0.2265625 0.059375000000000025 0.2265625
3 0.23125 0.2171875 0.203125 0.2171875 0.203125 0.3390625 0.23125 0.3390625
2 0.07656250000000006 0.4453125 0.045312500000000054 0.4453125 0.04531250000000006 0.5765625 0.07656250000000006 0.5765625
2 0.2312500000000001 0.4171875 0.2062500000000001 0.4171875 0.2062500000000001 0.540625 0.2312500000000001 0.540625
2 0.3703125 0.10000000000000005 0.3484375 0.10000000000000005 0.3484375 0.20937500000000003 0.3703125 0.2093750000000001
2 0.34843750000000007 0.70625 0.2968750000000001 0.70625 0.2968750000000001 0.840625 0.34843750000000007 0.840625
0 0.3781250000000001 0.825 0.3578125000000001 0.825 0.3578125000000001 0.8546875 0.3781250000000001 0.8546875
2 0.3515625000000001 0.7203125 0.3109375000000001 0.7203125 0.3109375000000001 0.8359375 0.3515625000000001 0.8359375
2 0.70625 8.438581850374731e-17 0.671875 8.22809568177128e-17 0.671875 0.03125000000000008 0.70625 0.03125000000000009
3 0.5984375000000002 0.8796875 0.5593750000000002 0.8796875 0.5593750000000002 1 0.5984375000000002 1