0 0.7328125 0.6031250000000001 0.7203125 0.603125 0.7203125 0.6296875000000001 0.7328125 0.6296875000000002
0 0.7296875 0.6062500000000001 0.7203125 0.60625 0.7203125 0.6218750000000001 0.7296875 0.6218750000000002
2 0.30312500000000003 0.284375 0.275 0.284375 0.275 0.3890625 0.3031250000000001 0.3890625
2 0.625 0.13437500000000008 0.5984375 0.13437500000000008 0.5984375 0.2375000000000001 0.625 0.2375000000000001
2 0.24218750000000008 0.6296875 0.20468750000000008 0.6296875 0.20468750000000008 0.7375 0.24218750000000008 0.7375
2 0.6640625000000002 0.75625 0.6265625000000001 0.75625 0.6265625000000001 0.8984375 0.6640625000000002 0.8984375
2 0.7390625 0.48906250000000007 0.7046875 0.4890625 0.7046875 0.6140625000000001 0.7390625 0.6140625000000002
2 0.5015625 0.446875 0.4796875 0.446875 0.4796875 0.5625 0.5015625 0.5625
2 0.59375 0.2312500000000001 0.571875 0.2312500000000001 0.571875 0.3343750000000001 0.59375 0.3343750000000001
2 0.11875000000000005 0.3390625 0.09375000000000004 0.3390625 0.09375000000000004 0.4484375 0.11875000000000005 0.4484375
2 0.04687500000000001 0.014062500000000002 0.01875 0.0140625 0.01875000000000001 0.115625 0.046875000000000014 0.115625
2 0.190625 2.210104770336239e-17 0.1703125 2.085726579797836e-17 0.1703125 0.04843750000000002 0.190625 0.04843750000000002