2 0.35625000000000007 0.465625 0.3375000000000001 0.465625 0.3375000000000001 0.5640625 0.35625000000000007 0.5640625
2 0.2093750000000001 0.6953125 0.1781250000000001 0.6953125 0.1781250000000001 0.80625 0.2093750000000001 0.80625
2 0.25468750000000007 0.284375 0.2296875 0.284375 0.22968750000000004 0.38125 0.25468750000000007 0.38125
3 0.2453125000000001 0.425 0.2140625000000001 0.425 0.2140625000000001 0.53125 0.2453125000000001 0.53125
2 0.5671875 0.51875 0.5421875 0.51875 0.5421875 0.6296875 0.5671875 0.6296875
2 0.315625 0.19843750000000004 0.3 0.19843750000000004 0.3 0.2828125 0.315625 0.2828125
2 0.8 0.3453125000000001 0.775 0.3453125000000001 0.775 0.4359375000000002 0.8 0.4359375000000002
2 0.5859375 0.2640625000000001 0.5609375 0.2640625000000001 0.5609375 0.3312500000000001 0.5859375 0.3312500000000001
0 0.7265625 0.3312500000000001 0.7078125 0.3312500000000001 0.7078125 0.3531250000000001 0.7265625 0.3531250000000001
2 0.784375 0.2406250000000001 0.7640625 0.2406250000000001 0.7640625 0.3218750000000001 0.784375 0.3218750000000001
2 0.31250000000000006 0.29375 0.290625 0.29375 0.290625 0.3765625 0.3125000000000001 0.3765625
2 0.5328125 0.3125000000000001 0.5140625 0.3125000000000001 0.5140625 0.4015625 0.5328125 0.4015625
2 0.459375 0.490625 0.4375 0.490625 0.4375 0.5953125 0.459375 0.5953125
2 0.4375 0.17500000000000004 0.41875 0.17500000000000004 0.41875 0.2562500000000001 0.4375 0.2562500000000001
2 0.565625 0.3078125000000001 0.5484375 0.3078125000000001 0.5484375 0.3906250000000001 0.565625 0.3906250000000001
3 0.021875000000000023 0.1421875 1.741294667537643e-17 0.1421875 2.3631856202296583e-17 0.24375 0.021875000000000026 0.24375
2 0.4703125000000002 0.946875 0.4468750000000002 0.946875 0.4468750000000002 1 0.4703125000000002 1