0 0.3937500000000001 0.409375 0.3843750000000001 0.409375 0.3843750000000001 0.428125 0.3937500000000001 0.428125
2 0.2984375000000001 0.5203125 0.2640625000000001 0.5203125 0.2640625000000001 0.6359375 0.2984375000000001 0.6359375
2 0.3593750000000001 0.4234375 0.3281250000000001 0.4234375 0.3281250000000001 0.53125 0.3593750000000001 0.53125
2 0.696875 0.4203125 0.6703125 0.4203125 0.6703125 0.5296875 0.696875 0.5296875
2 0.484375 0.3859375000000001 0.4546875 0.3859375000000001 0.4546875 0.4921875 0.484375 0.4921875
2 0.496875 0.3156250000000001 0.471875 0.3156250000000001 0.471875 0.4171875 0.496875 0.4171875
2 0.5984375 0.496875 0.5734375 0.496875 0.5734375 0.6109375 0.5984375 0.6109375
3 0.740625 0.057812500000000086 0.7125 0.057812500000000086 0.7125 0.1359375000000001 0.740625 0.1359375000000001
2 0.803125 0.22812500000000008 0.784375 0.22812500000000008 0.784375 0.3187500000000001 0.803125 0.3187500000000001
3 0.7578125 0.5171875000000001 0.7375 0.5171875000000001 0.7375 0.6421875000000001 0.7578125 0.6421875000000001
1 0.07343750000000004 0.346875 0.04531250000000005 0.346875 0.04531250000000005 0.4515625 0.07343750000000004 0.4515625
2 0.4640625 0.578125 0.4296875 0.578125 0.4296875 0.6953125 0.4640625 0.6953125
2 0.4125 0.5171875 0.3890625000000001 0.5171875 0.3890625000000001 0.6171875 0.4125 0.6171875
2 0.27031250000000007 0.5796875 0.2453125000000001 0.5796875 0.2453125000000001 0.6921875 0.27031250000000007 0.6921875
2 0.628125 0.6109375 0.6046875 0.6109375 0.6046875 0.7375 0.6281250000000002 0.7375
2 0.609375 0.3546875000000001 0.5875 0.3546875000000001 0.5875 0.459375 0.609375 0.459375
2 0.6609375 0.575 0.6390625 0.575 0.6390625 0.7015625 0.6609375 0.7015625
2 0.784375 0.6343750000000001 0.765625 0.6343750000000001 0.7656250000000001 0.7671875000000001 0.7843750000000002 0.7671875000000001
2 0.4921875 0.5609375 0.434375 0.5609375 0.434375 0.6109375 0.4921875 0.6109375
2 1 0.4781250000000002 0.9828125 0.4781250000000002 0.9828125 0.5890625000000002 1 0.5890625000000002