2 0.7953125000000001 0.7187500000000002 0.7703125 0.7187500000000002 0.7703125000000001 0.8375 0.7953125000000002 0.8375
2 0.4375 0.3359375000000001 0.40625 0.3359375000000001 0.40625 0.4203125 0.4375 0.4203125
2 0.8453125 0.47187500000000016 0.825 0.47187500000000016 0.825 0.5703125000000002 0.8453125 0.5703125000000002
2 0.3171875 0.2578125 0.2875 0.2578125 0.2875 0.3296875 0.3171875 0.3296875
2 0.4828125000000001 0.6421875 0.4609375 0.6421875 0.4609375000000001 0.7484375 0.4828125000000002 0.7484375
2 0.89375 0.5546875000000002 0.859375 0.5546875000000002 0.859375 0.6656250000000001 0.89375 0.6656250000000001
2 0.8171875 0.5406250000000001 0.790625 0.5406250000000001 0.790625 0.6437500000000002 0.8171875 0.6437500000000002
2 0.6125 0.3187500000000001 0.59375 0.3187500000000001 0.59375 0.403125 0.6125 0.403125
2 0.3687500000000001 0.37812500000000004 0.3500000000000001 0.378125 0.3500000000000001 0.4609375 0.3687500000000001 0.4609375
2 0.2312500000000001 0.55 0.20312500000000008 0.55 0.20312500000000008 0.65625 0.2312500000000001 0.65625
2 0.09062500000000005 0.40625 0.07187500000000005 0.40625 0.07187500000000005 0.503125 0.09062500000000007 0.503125
2 0.9671875 0.7703125000000002 0.9421875 0.7703125000000002 0.9421875 0.896875 0.9671875 0.896875
3 0.575 0.434375 0.5546875 0.434375 0.5546875 0.53125 0.575 0.53125
2 0.7625 0.6031250000000001 0.7375 0.6031250000000001 0.7375 0.7078125000000002 0.7625 0.7078125000000002
2 0.43125 0.428125 0.4109375 0.428125 0.4109375 0.51875 0.43125 0.51875
2 0.5796875 0.503125 0.5578125 0.503125 0.5578125 0.6015625 0.5796875 0.6015625
2 0.3437500000000001 0.7609375 0.3187500000000001 0.7609375 0.3187500000000001 0.871875 0.3437500000000001 0.871875
2 0.9734375 0.6968750000000001 0.9484375 0.6968750000000001 0.9484375 0.7921875000000002 0.9734375 0.7921875000000002
2 0.2140625000000001 0.49375 0.19218750000000004 0.49375 0.19218750000000007 0.5953125 0.2140625000000001 0.5953125
0 0.375 0.30781250000000004 0.3625 0.3078125 0.3625 0.34062500000000007 0.375 0.34062500000000007