3 0.023437500000000073 0.53125 6.505936120470313e-17 0.53125 7.271340369937409e-17 0.65625 0.023437500000000076 0.65625
2 0.15312500000000007 0.440625 0.12656250000000005 0.440625 0.12656250000000008 0.546875 0.1531250000000001 0.546875
2 0.9734375 0.2453125000000001 0.94375 0.2453125000000001 0.94375 0.3437500000000001 0.9734375 0.3437500000000001
2 0.2890625000000001 0.3875 0.26250000000000007 0.3875 0.26250000000000007 0.4953125 0.2890625000000001 0.4953125
2 0.2250000000000001 0.5609375 0.2000000000000001 0.5609375 0.2000000000000001 0.6765625 0.2250000000000001 0.6765625
2 0.615625 0.10937500000000008 0.596875 0.10937500000000008 0.596875 0.18906250000000008 0.615625 0.18906250000000008
2 0.03593750000000011 0.79375 0.009375000000000097 0.79375 0.009375000000000105 0.9296875 0.03593750000000011 0.9296875
2 0.9578125 0.6203125000000002 0.9328125 0.6203125000000002 0.9328125 0.7500000000000002 0.9578125 0.7500000000000002
2 0.70625 0.7109375 0.68125 0.7109375 0.6812500000000001 0.8375 0.7062500000000002 0.8375
2 0.6093750000000001 0.6671875 0.590625 0.6671875 0.5906250000000001 0.7953125 0.6093750000000002 0.7953125
2 0.3296875 0.203125 0.3109375 0.203125 0.3109375 0.2890625 0.3296875 0.2890625
2 0.7671875 0.42500000000000016 0.75 0.42500000000000016 0.75 0.5312500000000002 0.7671875 0.5312500000000002
2 0.5265625 0.51875 0.5015625 0.51875 0.5015625 0.6203125 0.5265625 0.6203125
2 0.039062500000000014 0.0578125 0.015625000000000007 0.0578125 0.01562500000000001 0.134375 0.039062500000000014 0.134375
0 0.5203125 0.58125 0.50625 0.58125 0.50625 0.6015625 0.5203125 0.6015625