2 0.5953125 0.465625 0.5609375 0.465625 0.5609375 0.5703125 0.5953125 0.5703125
2 0.2609375 0.2375 0.2359375 0.2375 0.2359375 0.3234375 0.2609375 0.3234375
2 0.4359375 0.5296875 0.4078125 0.5296875 0.4078125 0.640625 0.4359375 0.640625
2 0.9109375 0.2812500000000001 0.8890625 0.2812500000000001 0.8890625 0.3812500000000001 0.9109375 0.3812500000000001
2 0.8859375 0.6500000000000001 0.8625 0.6500000000000001 0.8625 0.7734375000000002 0.8859375 0.7734375000000002
2 0.3625000000000001 0.534375 0.3234375000000001 0.534375 0.3234375000000001 0.6484375 0.3625000000000001 0.6484375
2 0.6328125000000001 0.7015625 0.590625 0.7015625 0.5906250000000001 0.815625 0.6328125000000002 0.815625
2 0.64375 0.14218750000000008 0.6265625 0.14218750000000008 0.6265625 0.2250000000000001 0.64375 0.2250000000000001
2 0.27031250000000007 0.6265625 0.2453125000000001 0.6265625 0.2453125000000001 0.740625 0.27031250000000007 0.740625
2 0.06562500000000006 0.378125 0.04687500000000004 0.378125 0.04687500000000005 0.4828125 0.06562500000000007 0.4828125
2 0.05625000000000012 0.95625 0.017187500000000116 0.95625 0.01718750000000012 1 0.05625000000000013 1
0 0.640625 0.6953125 0.6296875 0.6953125 0.6296875 0.7125 0.640625 0.7125