2 0.4859375 0.5046875 0.46875 0.5046875 0.46875 0.6015625 0.4859375 0.6015625
2 0.840625 0.40625000000000017 0.815625 0.40625000000000017 0.815625 0.5062500000000002 0.840625 0.5062500000000002
2 0.821875 0.6453125000000002 0.7875 0.6453125000000002 0.7875000000000001 0.7531250000000002 0.821875 0.7531250000000002
2 0.4203125 0.5796875 0.3968750000000001 0.5796875 0.3968750000000001 0.653125 0.4203125 0.653125
2 0.684375 0.3890625000000001 0.6625 0.3890625000000001 0.6625 0.48125 0.684375 0.48125
1 0.4046875 0.5796875 0.3390625000000001 0.5796875 0.3390625000000001 0.615625 0.4046875 0.615625
3 0.925 0.5281250000000002 0.903125 0.5281250000000002 0.903125 0.6312500000000002 0.925 0.6312500000000002
3 0.76875 0.21093750000000008 0.746875 0.21093750000000008 0.746875 0.3078125000000001 0.76875 0.3078125000000001
2 0.2812500000000001 0.5984375 0.2296875000000001 0.5984375 0.2296875000000001 0.646875 0.2812500000000001 0.646875
0 0.2390625000000001 0.5984375 0.2296875000000001 0.5984375 0.2296875000000001 0.6203125 0.2390625000000001 0.6203125
2 0.8484375 0.36406250000000007 0.8265625 0.36406250000000007 0.8265625 0.4546875000000002 0.8484375 0.4546875000000002