2 0.6031250000000001 0.6171875 0.575 0.6171875 0.5750000000000001 0.728125 0.6031250000000001 0.728125
2 0.2015625000000001 0.5265625 0.17968750000000006 0.5265625 0.17968750000000006 0.6203125 0.2015625000000001 0.6203125
2 0.2984375000000001 0.5453125 0.2671875000000001 0.5453125 0.2671875000000001 0.65 0.2984375000000001 0.65
2 0.7421875000000002 0.8546875 0.7109375000000002 0.8546875 0.7109375000000002 0.978125 0.7421875000000002 0.978125
2 0.3968750000000001 0.471875 0.3656250000000001 0.471875 0.3656250000000001 0.55 0.3968750000000001 0.55
2 0.3671875000000001 0.63125 0.3421875000000001 0.63125 0.3421875000000001 0.7375 0.3671875000000001 0.7375
2 0.46875000000000017 0.825 0.4468750000000002 0.825 0.4468750000000002 0.946875 0.46875000000000017 0.946875
2 0.4171875 0.584375 0.3765625000000001 0.584375 0.3765625000000001 0.6875 0.4171875 0.6875
2 0.5468750000000001 0.70625 0.5265625 0.70625 0.5265625 0.828125 0.5468750000000002 0.828125
2 0.14531250000000004 0.321875 0.12968750000000004 0.321875 0.12968750000000004 0.4109375 0.14531250000000004 0.4109375
2 0.3656250000000001 0.5796875 0.3343750000000001 0.5796875 0.3343750000000001 0.6765625 0.3656250000000001 0.6765625
0 0.3546875000000001 0.4875 0.3453125000000001 0.4875 0.3453125000000001 0.51875 0.3546875000000001 0.51875