2 0.1296875000000001 0.590625 0.10468750000000009 0.590625 0.10468750000000009 0.7015625 0.1296875000000001 0.7015625
3 0.18125000000000005 0.378125 0.16093750000000004 0.378125 0.16093750000000004 0.4796875 0.18125000000000005 0.4796875
1 0.88125 0.3937500000000001 0.8625 0.3937500000000001 0.8625 0.5015625000000001 0.88125 0.5015625000000001
2 0.640625 0.5765625 0.6140625 0.5765625 0.6140625 0.6828125 0.640625 0.6828125
2 0.653125 0.3625000000000001 0.625 0.3625000000000001 0.625 0.4609375 0.653125 0.4609375
2 0.10468750000000004 0.3484375 0.08593750000000004 0.3484375 0.08593750000000004 0.44375 0.10468750000000004 0.44375
2 0.3531250000000001 0.4046875 0.3265625000000001 0.4046875 0.3265625000000001 0.5015625 0.3531250000000001 0.5015625
2 0.434375 0.2578125000000001 0.4171875 0.2578125000000001 0.4171875 0.34062500000000007 0.434375 0.34062500000000007
2 0.3500000000000001 0.534375 0.32500000000000007 0.534375 0.32500000000000007 0.634375 0.3500000000000001 0.634375
2 0.4515625 0.3343750000000001 0.4328125 0.3343750000000001 0.4328125 0.4234375 0.4515625 0.4234375
2 0.6421875 0.46875 0.6171875 0.46875 0.6171875 0.5796875 0.6421875 0.5796875
2 0.36718750000000006 0.35156250000000006 0.3515625 0.3515625 0.35156250000000006 0.4421875 0.3671875000000001 0.4421875
2 0.5171875 0.5796875 0.5015625 0.5796875 0.5015625 0.6875 0.5171875 0.6875
2 0.3203125 0.215625 0.303125 0.215625 0.303125 0.3015625 0.3203125 0.3015625
2 0.4671875 0.22031250000000008 0.446875 0.22031250000000008 0.446875 0.3031250000000001 0.4671875 0.3031250000000001
2 0.346875 0.2109375 0.325 0.2109375 0.325 0.2921875 0.346875 0.2921875
2 0.6140625 0.515625 0.5984375 0.515625 0.5984375 0.621875 0.6140625 0.621875
0 0.3609375 0.25625 0.35 0.25625 0.35 0.278125 0.3609375 0.278125
2 0.4734375 0.28593750000000007 0.453125 0.28593750000000007 0.453125 0.3734375000000001 0.4734375 0.3734375000000001