0 0.84375 0.6093750000000002 0.834375 0.6093750000000002 0.834375 0.6281250000000002 0.84375 0.6281250000000002
2 0.69375 0.48125 0.659375 0.48125 0.659375 0.575 0.69375 0.575
2 0.3593750000000001 0.446875 0.3359375000000001 0.446875 0.3359375000000001 0.55 0.3593750000000001 0.55
2 0.15000000000000008 0.55625 0.11562500000000009 0.55625 0.11562500000000009 0.665625 0.15000000000000008 0.665625
2 0.3046875 0.253125 0.2875 0.253125 0.2875 0.3390625 0.3046875 0.3390625
2 0.1218750000000001 0.715625 0.09375000000000008 0.715625 0.0937500000000001 0.8375 0.1218750000000001 0.8375
2 0.43125 0.6078125 0.403125 0.6078125 0.403125 0.721875 0.43125 0.721875
2 0.896875 0.7078125000000002 0.8671875 0.7078125000000002 0.8671875 0.8359375 0.896875 0.8359375
2 0.4234375000000002 0.84375 0.39531250000000007 0.84375 0.39531250000000007 0.953125 0.4234375000000002 0.953125
2 0.5281250000000001 0.659375 0.503125 0.659375 0.503125 0.7734375 0.5281250000000002 0.7734375
2 0.059375000000000046 0.3453125 0.021875000000000044 0.3453125 0.02187500000000005 0.4421875 0.059375000000000046 0.4421875
3 0.2484375000000001 0.55 0.2234375000000001 0.55 0.2234375000000001 0.665625 0.2484375000000001 0.665625
2 0.5 0.4671875 0.4828125 0.4671875 0.4828125 0.5640625 0.5 0.5640625
2 0.8109375 0.18906250000000008 0.7890625 0.18906250000000008 0.7890625 0.2671875000000001 0.8109375 0.2671875000000001