2 0.5359375 0.3828125000000001 0.4953125 0.3828125000000001 0.4953125 0.4875 0.5359375 0.4875
2 0.859375 0.35625000000000007 0.834375 0.35625000000000007 0.834375 0.4500000000000002 0.859375 0.4500000000000002
2 0.2906250000000001 0.803125 0.2593750000000001 0.803125 0.2593750000000001 0.94375 0.2906250000000001 0.94375
0 0.2953125 0.2921875 0.2828125 0.2921875 0.2828125 0.3203125 0.2953125 0.3203125
2 0.3 0.221875 0.271875 0.221875 0.271875 0.3125 0.3 0.3125
2 0.16406250000000006 0.3671875 0.13906250000000003 0.3671875 0.13906250000000003 0.465625 0.16406250000000006 0.465625
2 0.2656250000000001 0.5640625 0.24375000000000008 0.5640625 0.24375000000000008 0.684375 0.2656250000000001 0.684375
2 0.459375 0.2500000000000001 0.4328125 0.2500000000000001 0.4328125 0.3453125000000001 0.459375 0.3453125000000001
2 0.5953125 0.3843750000000001 0.56875 0.3843750000000001 0.56875 0.49375 0.5953125 0.49375
2 0.7171875000000001 0.6203125 0.690625 0.6203125 0.690625 0.746875 0.7171875000000002 0.746875
2 0.9375 0.3156250000000001 0.90625 0.3156250000000001 0.90625 0.4125000000000002 0.9375 0.4125000000000002
3 0.9109375 0.5015625000000001 0.8828125 0.5015625000000001 0.8828125 0.6203125000000002 0.9109375 0.6203125000000002
2 0.8890625 0.49531250000000016 0.865625 0.49531250000000016 0.865625 0.6078125000000002 0.8890625 0.6078125000000002