2 0.5203125 0.4328125 0.4984375 0.4328125 0.4984375 0.5359375 0.5203125 0.5359375
2 0.26875000000000004 0.321875 0.2375 0.321875 0.23750000000000004 0.428125 0.2687500000000001 0.428125
3 0.7109375 0.453125 0.6828125 0.453125 0.6828125 0.55625 0.7109375 0.55625
2 0.7625 0.3828125000000001 0.740625 0.3828125000000001 0.740625 0.4828125000000002 0.7625 0.4828125000000002
2 0.5484375 0.559375 0.5203125 0.559375 0.5203125 0.6671875 0.5484375 0.6671875
2 0.2640625000000001 0.4828125 0.2234375000000001 0.4828125 0.2234375000000001 0.590625 0.2640625000000001 0.590625
2 0.7796875 0.5609375000000002 0.7484375 0.5609375000000002 0.7484375 0.6765625000000002 0.7796875 0.6765625000000002
2 0.81875 0.2593750000000001 0.79375 0.2593750000000001 0.79375 0.3468750000000001 0.81875 0.3468750000000001
2 0.4609375 0.3531250000000001 0.4421875 0.3531250000000001 0.4421875 0.440625 0.4609375 0.440625
2 0.11562500000000006 0.521875 0.09218750000000006 0.521875 0.09218750000000006 0.6265625 0.11562500000000009 0.6265625
2 0.36718750000000006 0.353125 0.346875 0.353125 0.34687500000000004 0.4640625 0.3671875000000001 0.4640625
2 0.396875 0.2312500000000001 0.378125 0.2312500000000001 0.378125 0.32500000000000007 0.396875 0.32500000000000007
2 0.4 0.58125 0.3750000000000001 0.58125 0.3750000000000001 0.69375 0.4 0.69375
2 0.5296875 0.23593750000000008 0.5125 0.23593750000000008 0.5125 0.3203125000000001 0.5296875 0.3203125000000001
2 0.05937500000000008 0.571875 0.034375000000000065 0.571875 0.03437500000000007 0.675 0.05937500000000009 0.675
2 0.43125 0.6046875 0.403125 0.6046875 0.403125 0.7015625 0.43125 0.7015625
2 0.4328125 0.2531250000000001 0.415625 0.2531250000000001 0.415625 0.3437500000000001 0.4328125 0.3437500000000001
2 0.2734375000000001 0.4703125 0.2515625000000001 0.4703125 0.2515625000000001 0.578125 0.2734375000000001 0.578125
3 0.528125 0.07187500000000006 0.5046875 0.07187500000000006 0.5046875 0.18437500000000004 0.528125 0.18437500000000004
0 0.4359375 0.5734375 0.4171875 0.5734375 0.4171875 0.6125 0.4359375 0.6125