0 0.490625 0.3281250000000001 0.484375 0.3281250000000001 0.484375 0.3421875000000001 0.490625 0.3421875000000001
2 0.6515625 0.34062500000000007 0.6078125 0.34062500000000007 0.6078125 0.44375 0.6515625 0.44375
2 0.2375000000000001 0.4953125 0.21250000000000008 0.4953125 0.21250000000000008 0.6078125 0.2375000000000001 0.6078125
2 0.5453125 0.2015625000000001 0.525 0.2015625000000001 0.525 0.29375000000000007 0.5453125 0.29375000000000007
2 0.91875 0.4109375000000002 0.884375 0.4109375000000002 0.884375 0.5078125000000002 0.91875 0.5078125000000002
2 0.65625 0.478125 0.63125 0.478125 0.63125 0.59375 0.65625 0.59375
2 0.3734375000000001 0.640625 0.3421875000000001 0.640625 0.3421875000000001 0.7640625 0.3734375000000001 0.7640625
2 0.7625000000000002 0.7375000000000002 0.7343750000000002 0.7375000000000002 0.7343750000000002 0.875 0.7625000000000002 0.875
2 0.10937500000000004 0.353125 0.08437500000000005 0.353125 0.08437500000000006 0.4703125 0.10937500000000004 0.4703125
2 0.7125 0.46875 0.690625 0.46875 0.690625 0.5796875 0.7125 0.5796875
2 0.3625000000000001 0.9015625 0.33281250000000007 0.9015625 0.33281250000000007 0.996875 0.3625000000000001 0.996875
3 0.07187500000000004 0.16875 0.04062500000000002 0.16875 0.04062500000000003 0.275 0.07187500000000005 0.275