2 0.8328125 0.3390625000000001 0.8140625 0.3390625000000001 0.8140625 0.4312500000000002 0.8328125 0.4312500000000002
2 0.37968750000000007 0.4640625 0.3609375000000001 0.4640625 0.3609375000000001 0.5625 0.37968750000000007 0.5625
2 0.34375 0.19843750000000004 0.315625 0.19843750000000004 0.315625 0.275 0.34375 0.275
2 0.5640625 0.3421875000000001 0.5328125 0.3421875000000001 0.5328125 0.4296875 0.5640625 0.4296875
2 0.5109375 0.5046875 0.4921875 0.5046875 0.4921875 0.6125 0.5109375 0.6125
2 0.2406250000000001 0.68125 0.2218750000000001 0.68125 0.2218750000000001 0.7984375 0.2406250000000001 0.7984375
3 0.2671875000000001 0.4234375 0.23593750000000008 0.4234375 0.23593750000000008 0.5265625 0.2671875000000001 0.5265625
2 0.6015625 0.2515625000000001 0.584375 0.2515625000000001 0.584375 0.3281250000000001 0.6015625 0.3281250000000001
2 0.6171875 0.33281250000000007 0.5953125 0.33281250000000007 0.5953125 0.41875 0.6171875 0.41875
2 0.29531250000000003 0.2828125 0.2703125 0.2828125 0.27031250000000007 0.375 0.2953125000000001 0.375
3 0.07031250000000003 0.1421875 0.042187500000000024 0.1421875 0.042187500000000024 0.2265625 0.07031250000000003 0.2265625
2 0.596875 0.521875 0.578125 0.521875 0.578125 0.63125 0.596875 0.63125
2 0.4828125 0.16562500000000005 0.4640625 0.16562500000000005 0.4640625 0.2484375000000001 0.4828125 0.2484375000000001
2 0.765625 0.24375000000000008 0.74375 0.24375000000000008 0.74375 0.31718750000000007 0.765625 0.31718750000000007
2 0.23125000000000004 0.2671875 0.20625 0.2671875 0.20625000000000004 0.3640625 0.2312500000000001 0.3640625
0 0.6375 0.37968750000000007 0.6203125 0.37968750000000007 0.6203125 0.4078125 0.6375 0.4078125
2 0.5203125000000002 0.9140625 0.4906250000000002 0.9140625 0.4906250000000002 1 0.5203125000000002 1