2 0.2375000000000001 0.6109375 0.1984375000000001 0.6109375 0.1984375000000001 0.7203125 0.2375000000000001 0.7203125
2 0.6609375000000001 0.6609375 0.634375 0.6609375 0.6343750000000001 0.7703125 0.6609375000000002 0.7703125
2 0.3906250000000001 0.43125 0.3625000000000001 0.43125 0.3625000000000001 0.521875 0.3906250000000001 0.521875
3 0.709375 0.5390625 0.68125 0.5390625 0.68125 0.6453125 0.709375 0.6453125
2 0.7796875 0.3703125000000001 0.7421875 0.3703125000000001 0.7421875 0.4625000000000002 0.7796875 0.4625000000000002
3 0.49375 0.2390625000000001 0.471875 0.2390625000000001 0.471875 0.3156250000000001 0.49375 0.3156250000000001
2 0.19531250000000006 0.525 0.17343750000000005 0.525 0.17343750000000008 0.6296875 0.19531250000000008 0.6296875
0 0.4578125 0.4015625 0.4453125 0.4015625 0.4453125 0.415625 0.4578125 0.415625
2 0.4796875 0.3656250000000001 0.4484375 0.3656250000000001 0.4484375 0.4390625 0.4796875 0.4390625
2 0.1781250000000001 0.571875 0.15625000000000008 0.571875 0.15625000000000008 0.68125 0.1781250000000001 0.68125
2 0.49375 0.3906250000000001 0.4625 0.3906250000000001 0.4625 0.45625 0.49375 0.45625