2 0.2640625000000001 0.628125 0.2390625000000001 0.628125 0.2390625000000001 0.753125 0.2640625000000001 0.753125
2 0.503125 0.6953125 0.4703125 0.6953125 0.4703125000000001 0.8265625 0.5031250000000002 0.8265625
2 0.3000000000000001 0.4515625 0.2765625000000001 0.4515625 0.2765625000000001 0.5703125 0.3000000000000001 0.5703125
2 0.09062500000000004 0.21875 0.06875000000000002 0.21875 0.06875000000000003 0.3203125 0.09062500000000004 0.3203125
2 0.51875 0.3531250000000001 0.4984375 0.3531250000000001 0.4984375 0.45625 0.51875 0.45625
2 0.81875 0.0562500000000001 0.7953125 0.05625000000000009 0.7953125 0.14062500000000008 0.81875 0.14062500000000008
2 0.08125000000000007 0.496875 0.06406250000000006 0.496875 0.06406250000000006 0.621875 0.08125000000000007 0.621875
2 0.7125 0.4140625 0.6875 0.4140625 0.6875 0.525 0.7125 0.525
2 0.3890625 0.14218750000000005 0.375 0.14218750000000005 0.375 0.2328125000000001 0.3890625 0.2328125000000001
2 0.17343750000000005 0.3109375 0.15312500000000004 0.3109375 0.15312500000000004 0.4171875 0.17343750000000005 0.4171875
2 0.0328125000000001 0.7609375 0.004687500000000093 0.7609375 0.004687500000000101 0.8953125 0.03281250000000011 0.8953125
2 0.1328125000000001 0.884375 0.10937500000000008 0.884375 0.10937500000000011 0.9984375 0.13281250000000014 0.9984375
0 0.4984375000000002 0.7953125 0.48750000000000016 0.7953125 0.48750000000000016 0.81875 0.4984375000000002 0.81875