2 0.054687500000000076 0.5703125 0.025000000000000067 0.5703125 0.025000000000000078 0.6875 0.05468750000000009 0.6875
2 0.6609375 0.4828125 0.634375 0.4828125 0.634375 0.5890625 0.6609375 0.5890625
2 0.0937500000000001 0.7921875 0.06406250000000009 0.7921875 0.0640625000000001 0.9234375 0.09375000000000011 0.9234375
2 0.3515625000000001 0.5390625 0.3156250000000001 0.5390625 0.3156250000000001 0.6421875 0.3515625000000001 0.6421875
2 0.16093750000000004 0.384375 0.13750000000000004 0.384375 0.13750000000000004 0.4890625 0.16093750000000004 0.4890625
2 0.39531250000000007 0.646875 0.37187500000000007 0.646875 0.37187500000000007 0.7671875 0.39531250000000007 0.7671875
2 0.7546875 0.1468750000000001 0.734375 0.1468750000000001 0.734375 0.2296875000000001 0.7546875 0.2296875000000001
2 0.4640625 0.5359375 0.4328125 0.5359375 0.4328125 0.6359375 0.4640625 0.6359375
2 0.35 0.2390625 0.3265625 0.2390625 0.3265625 0.325 0.35 0.325
3 0.012500000000000072 0.525 6.429395695523604e-17 0.525 7.166097285635683e-17 0.6453125 0.012500000000000077 0.6453125
2 0.6187500000000001 0.709375 0.5921875 0.709375 0.5921875000000001 0.8375 0.6187500000000001 0.8375
2 1 0.6703125000000002 0.9765625 0.6703125000000002 0.9765625 0.80625 1 0.80625
3 0.05000000000000001 0.010937500000000005 0.025 0.010937500000000003 0.025000000000000005 0.0921875 0.050000000000000024 0.0921875
2 0.17812500000000014 0.959375 0.14687500000000014 0.959375 0.14687500000000014 0.9984375 0.17812500000000014 0.9984375
0 0.484375 0.621875 0.4734375 0.621875 0.4734375 0.640625 0.484375 0.640625