2 0.5640625 0.26250000000000007 0.5453125 0.26250000000000007 0.5453125 0.3421875000000001 0.5640625 0.3421875000000001
2 0.3734375000000001 0.4703125 0.3453125000000001 0.4703125 0.3453125000000001 0.5671875 0.3734375000000001 0.5671875
2 0.2562500000000001 0.690625 0.23437500000000008 0.690625 0.23437500000000008 0.8046875 0.2562500000000001 0.8046875
2 0.4125 0.19218750000000004 0.39375 0.19218750000000004 0.39375 0.2687500000000001 0.4125 0.2687500000000001
2 0.2078125 0.2515625 0.19218750000000004 0.2515625 0.19218750000000004 0.340625 0.2078125 0.340625
2 0.85625 0.3421875000000001 0.834375 0.3421875000000001 0.834375 0.42968750000000017 0.85625 0.42968750000000017
3 0.2578125000000001 0.4328125 0.23593750000000008 0.4328125 0.23593750000000008 0.5375 0.2578125000000001 0.5375
2 0.48125 0.35625000000000007 0.459375 0.35625000000000007 0.459375 0.446875 0.48125 0.446875
2 0.628125 0.3656250000000001 0.6109375 0.3656250000000001 0.6109375 0.45625 0.628125 0.45625
2 0.55 0.534375 0.53125 0.534375 0.53125 0.64375 0.55 0.64375
2 0.5453125000000002 0.9 0.5218750000000002 0.9 0.5218750000000002 0.9984375 0.5453125000000002 0.9984375
2 0.265625 0.265625 0.2484375 0.265625 0.2484375 0.34375 0.265625 0.34375
2 0.6015625 0.5328125 0.5828125 0.5328125 0.5828125 0.6421875 0.6015625 0.6421875
3 0.10156250000000003 0.146875 0.07968750000000002 0.146875 0.07968750000000002 0.228125 0.10156250000000004 0.228125
0 0.759375 0.2984375000000001 0.7359375 0.2984375000000001 0.7359375 0.31718750000000007 0.759375 0.31718750000000007
2 0.7625 0.2296875000000001 0.7453125 0.2296875000000001 0.7453125 0.3078125000000001 0.7625 0.3078125000000001
2 0.509375 0.16875000000000004 0.484375 0.16875000000000004 0.484375 0.26250000000000007 0.509375 0.26250000000000007