2 0.30781250000000004 0.3578125 0.2765625 0.3578125 0.27656250000000004 0.4734375 0.3078125000000001 0.4734375
2 0.7484375000000001 0.7078125000000001 0.6828125 0.7078125 0.6828125 0.8296875 0.7484375000000002 0.8296875
2 0.6468750000000001 0.7046875 0.59375 0.7046875 0.5937500000000001 0.8203125 0.6468750000000002 0.8203125
2 0.7578125 0.46406250000000016 0.7265625 0.46406250000000016 0.7265625 0.5953125000000001 0.7578125 0.5953125000000001
2 0.684375 0.08906250000000009 0.65625 0.08906250000000009 0.65625 0.1937500000000001 0.684375 0.1937500000000001
2 0.684375 0.23593750000000008 0.6578125 0.23593750000000008 0.6578125 0.3437500000000001 0.684375 0.3437500000000001
2 0.4109375 0.3203125000000001 0.3890625 0.3203125000000001 0.38906250000000003 0.434375 0.4109375 0.434375
2 0.984375 0.4578125000000002 0.940625 0.4578125000000002 0.940625 0.5875000000000001 0.984375 0.5875000000000001
2 0.0875 9.089175462421762e-18 0.0609375 7.462691432304185e-18 0.0609375 0.0765625 0.0875 0.0765625
2 0.1015625 0.021875000000000012 0.06875 0.021875000000000012 0.06875 0.09375000000000001 0.1015625 0.09375000000000003
0 0.6390625000000002 0.83125 0.6234375000000002 0.83125 0.6234375000000002 0.8546875 0.6390625000000002 0.8546875