3 0.675 0.6390625 0.646875 0.6390625 0.6468750000000001 0.7484375 0.6750000000000002 0.7484375
2 0.44218750000000007 0.61875 0.4046875 0.61875 0.4046875000000001 0.7296875 0.4421875000000002 0.7296875
2 0.5375 0.61875 0.509375 0.61875 0.509375 0.7234375 0.5375 0.7234375
2 0.9921875 0.5546875000000002 0.9609375 0.5546875000000002 0.9609375 0.6593750000000002 0.9921875 0.6593750000000002
2 0.3468750000000001 0.828125 0.31718750000000007 0.828125 0.31718750000000007 0.94375 0.3468750000000001 0.94375
2 0.3843750000000001 0.7375 0.3609375000000001 0.7375 0.3609375000000001 0.85 0.3843750000000001 0.85
2 0.8421875 0.6750000000000002 0.809375 0.6750000000000002 0.809375 0.7812500000000002 0.8421875 0.7812500000000002
2 0.3671875000000001 0.565625 0.3375000000000001 0.565625 0.3375000000000001 0.671875 0.3671875000000001 0.671875
2 0.7156250000000002 0.903125 0.6890625000000001 0.903125 0.6890625000000001 0.9984375 0.7156250000000002 0.9984375
2 0.51875 0.36406250000000007 0.49375 0.36406250000000007 0.49375 0.44375 0.51875 0.44375
2 0.8453125 0.5656250000000002 0.8203125 0.5656250000000002 0.8203125 0.6671875000000002 0.8453125 0.6671875000000002
3 0.6359375 0.18125000000000008 0.6109375 0.18125000000000008 0.6109375 0.25468750000000007 0.6359375 0.25468750000000007
0 0.35 0.3421875 0.340625 0.3421875 0.340625 0.3578125 0.35 0.3578125
2 0.5203125 0.3218750000000001 0.5046875 0.3218750000000001 0.5046875 0.3984375000000001 0.5203125 0.3984375000000001