2 0.6765625 0.509375 0.65 0.509375 0.65 0.6203125 0.6765625 0.6203125
2 0.37968750000000007 0.32343750000000004 0.353125 0.3234375 0.353125 0.409375 0.37968750000000007 0.409375
2 0.571875 0.5328125 0.5453125 0.5328125 0.5453125 0.6421875 0.571875 0.6421875
2 0.5640625 0.4125 0.528125 0.4125 0.528125 0.5078125 0.5640625 0.5078125
3 0.30000000000000004 0.359375 0.275 0.359375 0.275 0.4515625 0.3000000000000001 0.4515625
2 0.17500000000000004 0.2734375 0.15625000000000006 0.2734375 0.15625000000000006 0.359375 0.17500000000000004 0.359375
2 0.7375 0.7234375000000001 0.7140625 0.7234375 0.7140625 0.84375 0.7375000000000002 0.84375
2 0.22343750000000004 0.3390625 0.203125 0.3390625 0.20312500000000006 0.4328125 0.2234375000000001 0.4328125
2 0.5203125 0.44375 0.49375 0.44375 0.49375 0.5296875 0.5203125 0.5296875
2 0.3859375000000001 0.40625 0.36406250000000007 0.40625 0.36406250000000007 0.503125 0.3859375000000001 0.503125
2 0.3031250000000001 0.5984375 0.2828125000000001 0.5984375 0.2828125000000001 0.7 0.3031250000000001 0.7
2 0.31875 0.2296875 0.2984375 0.2296875 0.2984375 0.29375 0.31875 0.29375
2 0.240625 0.26875 0.221875 0.26875 0.221875 0.3546875 0.240625 0.3546875
2 0.28125 0.2515625 0.253125 0.2515625 0.253125 0.3171875 0.28125 0.3171875
2 0.734375 0.5828125000000001 0.715625 0.5828125 0.715625 0.6937500000000001 0.734375 0.6937500000000002
1 0.99375 0.4234375000000002 0.9703125 0.4234375000000002 0.9703125 0.5375000000000002 0.99375 0.5375000000000002
0 0.3578125 0.2859375 0.346875 0.2859375 0.346875 0.30625 0.3578125 0.30625