2 0.809375 0.6546875000000002 0.778125 0.6546875000000002 0.7781250000000001 0.7531250000000002 0.809375 0.7531250000000002
3 1 0.6406250000000002 0.975 0.6406250000000002 0.975 0.7515625000000001 1 0.7515625000000001
2 0.6671875 0.5625 0.6421875 0.5625 0.6421875 0.6609375 0.6671875 0.6609375
2 0.7703125 0.3812500000000001 0.7375 0.3812500000000001 0.7375 0.4625000000000002 0.7703125 0.4625000000000002
2 0.834375 0.34843750000000007 0.8140625 0.34843750000000007 0.8140625 0.4343750000000002 0.834375 0.4343750000000002
2 0.6625000000000002 0.825 0.6421875000000001 0.825 0.6421875000000001 0.9390625 0.6625000000000002 0.9390625
1 0.2500000000000001 0.403125 0.2296875000000001 0.403125 0.2296875000000001 0.4984375 0.2500000000000001 0.4984375
2 0.6984375000000002 0.7609375 0.6781250000000002 0.7609375 0.6781250000000002 0.875 0.6984375000000002 0.875
2 0.7578125000000001 0.6281250000000002 0.734375 0.6281250000000002 0.7343750000000001 0.7359375000000001 0.7578125000000002 0.7359375000000001
3 0.909375 0.2140625000000001 0.8859375 0.2140625000000001 0.8859375 0.2828125000000001 0.909375 0.2828125000000001
0 0.3828125000000001 0.3671875000000001 0.37187500000000007 0.3671875000000001 0.37187500000000007 0.3843750000000001 0.3828125000000001 0.3843750000000001