2 0.2015625000000001 0.721875 0.17343750000000008 0.721875 0.17343750000000008 0.834375 0.2015625000000001 0.834375
2 0.2234375 0.23125 0.19843750000000004 0.23125 0.19843750000000004 0.296875 0.2234375 0.296875
2 0.9 0.7140625000000002 0.875 0.7140625000000002 0.875 0.834375 0.9 0.834375
2 0.775 0.3984375000000001 0.759375 0.3984375000000001 0.759375 0.48437500000000017 0.775 0.48437500000000017
2 0.4890625000000002 0.8921875 0.46406250000000016 0.8921875 0.46406250000000016 0.9984375 0.4890625000000002 0.9984375
2 0.50625 0.58125 0.4890625 0.58125 0.4890625 0.68125 0.50625 0.68125
2 0.725 0.2875000000000001 0.709375 0.2875000000000001 0.709375 0.3593750000000001 0.725 0.3593750000000001
2 0.5359375 0.4328125 0.5234375 0.4328125 0.5234375 0.5203125 0.5359375 0.5203125
2 0.3968750000000001 0.3984375000000001 0.3750000000000001 0.3984375000000001 0.3750000000000001 0.4828125 0.3968750000000001 0.4828125
2 0.95625 0.4046875000000002 0.9375 0.4046875000000002 0.9375 0.5015625000000001 0.95625 0.5015625000000001
2 0.37187500000000007 0.32500000000000007 0.35625 0.325 0.35625000000000007 0.40625 0.37187500000000007 0.40625
2 0.06562500000000004 0.3234375 0.04687500000000004 0.3234375 0.04687500000000005 0.415625 0.06562500000000004 0.415625
2 0.26250000000000007 0.496875 0.24375000000000008 0.496875 0.24375000000000008 0.5921875 0.26250000000000007 0.5921875
3 0.2484375000000001 0.478125 0.22656250000000008 0.478125 0.22656250000000008 0.571875 0.2484375000000001 0.571875
2 0.08750000000000005 0.31875 0.06875000000000005 0.31875 0.06875000000000005 0.4015625 0.08750000000000005 0.4015625
2 0.421875 0.17343750000000005 0.3890625 0.17343750000000005 0.3890625 0.2578125000000001 0.421875 0.2578125000000001
0 0.640625 0.3062500000000001 0.6203125 0.3062500000000001 0.6203125 0.32500000000000007 0.640625 0.32500000000000007
3 0.13437500000000002 0.1515625 0.103125 0.1515625 0.10312500000000002 0.253125 0.13437500000000005 0.253125