2 0.2234375000000001 0.5484375 0.1921875000000001 0.5484375 0.1921875000000001 0.65 0.2234375000000001 0.65
2 0.03437500000000004 0.278125 0.015625000000000035 0.278125 0.015625000000000038 0.3703125 0.034375000000000044 0.3703125
2 0.4921875 0.440625 0.459375 0.440625 0.459375 0.540625 0.4921875 0.540625
3 0.053125000000000054 0.403125 0.028125000000000046 0.403125 0.028125000000000056 0.5046875 0.05312500000000007 0.5046875
2 0.12656250000000005 0.3515625 0.10937500000000004 0.3515625 0.10937500000000004 0.4453125 0.12656250000000005 0.4453125
2 0.16406250000000006 0.328125 0.13281250000000006 0.328125 0.13281250000000006 0.409375 0.16406250000000006 0.409375
2 0.17812500000000003 0.3328125 0.15937500000000004 0.3328125 0.15937500000000004 0.4171875 0.17812500000000003 0.4171875
1 0.6578125 0.4109375 0.634375 0.4109375 0.634375 0.515625 0.6578125 0.515625
2 0.50625 0.5078125 0.478125 0.5078125 0.478125 0.6265625 0.50625 0.6265625
2 0.5296875 0.4765625 0.503125 0.4765625 0.503125 0.5671875 0.5296875 0.5671875
2 0.484375 0.559375 0.4609375 0.559375 0.4609375 0.6640625 0.484375 0.6640625
2 0.16718750000000004 0.409375 0.15000000000000005 0.409375 0.15000000000000005 0.51875 0.16718750000000004 0.51875
2 0.5390625 0.5515625 0.5015625 0.5515625 0.5015625 0.665625 0.5390625 0.665625
2 0.484375 0.3984375000000001 0.453125 0.3984375000000001 0.453125 0.4859375 0.484375 0.4859375
0 0.4359375 0.2968750000000001 0.41875 0.2968750000000001 0.41875 0.33281250000000007 0.4359375 0.33281250000000007