2 0.7968750000000001 0.6656250000000001 0.7515625 0.6656250000000001 0.7515625000000001 0.7937500000000002 0.7968750000000002 0.7937500000000002
2 0.4625 0.27031250000000007 0.440625 0.27031250000000007 0.440625 0.3671875000000001 0.4625 0.3671875000000001
2 0.6890625 0.2296875000000001 0.6640625 0.2296875000000001 0.6640625 0.3203125000000001 0.6890625 0.3203125000000001
3 0.7984375 0.4937500000000002 0.7703125 0.4937500000000002 0.7703125 0.6156250000000002 0.7984375 0.6156250000000002
2 0.6078125 0.3812500000000001 0.5828125 0.3812500000000001 0.5828125 0.4828125 0.6078125 0.4828125
2 0.9140625 0.4265625000000002 0.8890625 0.4265625000000002 0.8890625 0.5328125000000001 0.9140625 0.5328125000000001
2 0.3906250000000001 0.3906250000000001 0.3656250000000001 0.3906250000000001 0.3656250000000001 0.503125 0.3906250000000001 0.503125
2 0.39531250000000007 0.596875 0.36406250000000007 0.596875 0.36406250000000007 0.7125 0.39531250000000007 0.7125
2 0.5171875 0.2828125000000001 0.4984375 0.2828125000000001 0.4984375 0.3843750000000001 0.5171875 0.3843750000000001
2 0.5890625 0.4734375 0.5703125 0.4734375 0.5703125 0.5859375 0.5890625 0.5859375
2 0.4015625 0.5015625 0.3703125000000001 0.5015625 0.3703125000000001 0.6046875 0.4015625 0.6046875
2 0.3656250000000001 0.5109375 0.34062500000000007 0.5109375 0.34062500000000007 0.6046875 0.3656250000000001 0.6046875
2 0.4296875 0.3500000000000001 0.40625 0.3500000000000001 0.40625 0.4515625 0.4296875 0.4515625
3 0.64375 0.06875000000000007 0.6125 0.06875000000000006 0.6125 0.1515625000000001 0.64375 0.1515625000000001
2 0.23593750000000008 0.596875 0.2140625000000001 0.596875 0.2140625000000001 0.7109375 0.23593750000000008 0.7109375
2 0.9921875 0.2796875000000001 0.9734375 0.2796875000000001 0.9734375 0.3703125000000001 0.9921875 0.3703125000000001
2 0.5421875 0.590625 0.5171875 0.590625 0.5171875 0.70625 0.5421875 0.70625
2 0.5953125 0.5953125 0.571875 0.5953125 0.571875 0.7234375 0.5953125 0.7234375
2 0.20468750000000008 0.615625 0.1750000000000001 0.615625 0.1750000000000001 0.7328125 0.20468750000000008 0.7328125
0 0.4125 0.13281250000000006 0.4015625 0.13281250000000006 0.4015625 0.17500000000000004 0.4125 0.17500000000000004