2 0.23593750000000008 0.6171875 0.2171875000000001 0.6171875 0.2171875000000001 0.7265625 0.23593750000000008 0.7265625
2 0.10781250000000005 0.2890625 0.08281250000000004 0.2890625 0.08281250000000004 0.378125 0.10781250000000005 0.378125
2 0.16093750000000004 0.4390625 0.13281250000000006 0.4390625 0.13281250000000006 0.5296875 0.16093750000000004 0.5296875
2 0.3578125000000001 0.6546875 0.3421875000000001 0.6546875 0.3421875000000001 0.7640625 0.3578125000000001 0.7640625
0 0.45625 0.2812500000000001 0.4375 0.2812500000000001 0.4375 0.3078125000000001 0.45625 0.3078125000000001
2 0.4875 0.2093750000000001 0.465625 0.2093750000000001 0.465625 0.28593750000000007 0.4875 0.28593750000000007
2 0.4640625 0.4671875 0.4328125 0.4671875 0.4328125 0.5625 0.4640625 0.5625
2 0.24687500000000004 0.3125 0.2265625 0.3125 0.22656250000000006 0.3984375 0.2468750000000001 0.3984375
2 0.8890625 0.6750000000000002 0.865625 0.6750000000000002 0.865625 0.8015625 0.8890625 0.8015625
2 0.5453125 0.3203125000000001 0.521875 0.3203125000000001 0.521875 0.4015625 0.5453125 0.4015625
2 0.6375000000000001 0.6296875 0.6171875 0.6296875 0.6171875000000001 0.74375 0.6375000000000002 0.74375
2 0.7421875 0.4828125000000001 0.7140625 0.4828125 0.7140625 0.5796875000000001 0.7421875 0.5796875000000001
2 0.8 0.5625000000000002 0.76875 0.5625000000000002 0.76875 0.6734375000000001 0.8 0.6734375000000001
2 0.4328125 0.31718750000000007 0.4140625 0.31718750000000007 0.4140625 0.3984375000000001 0.4328125 0.3984375000000001
2 0.5234375 0.2562500000000001 0.503125 0.2562500000000001 0.503125 0.34062500000000007 0.5234375 0.34062500000000007
2 0.759375 0.4468750000000002 0.7375 0.4468750000000002 0.7375 0.5484375000000001 0.759375 0.5484375000000001
3 0.4953125 0.41875 0.4734375 0.41875 0.4734375 0.515625 0.4953125 0.515625
2 0.4484375 0.3546875000000001 0.425 0.3546875000000001 0.425 0.4375 0.4484375 0.4375
2 0.9484375 0.8796875 0.9203125 0.8796875 0.9203125 0.9984375 0.9484375 0.9984375
2 0.018750000000000076 0.5546875 6.792962714020475e-17 0.5546875 7.433988772949168e-17 0.659375 0.018750000000000083 0.659375