2 0.7078125 0.2718750000000001 0.6859375 0.2718750000000001 0.6859375 0.3468750000000001 0.7078125 0.3468750000000001
2 0.1937500000000001 0.703125 0.17187500000000008 0.703125 0.17187500000000008 0.809375 0.1937500000000001 0.809375
2 0.3890625000000001 0.3781250000000001 0.3703125000000001 0.3781250000000001 0.3703125000000001 0.4640625 0.3890625000000001 0.4640625
2 0.771875 0.37968750000000007 0.75625 0.37968750000000007 0.75625 0.46093750000000017 0.771875 0.46093750000000017
2 0.8953125 0.6968750000000001 0.8734375 0.6968750000000001 0.8734375 0.8140625 0.8953125 0.8140625
2 0.3765625 0.30781250000000004 0.3609375 0.3078125 0.3609375 0.38593750000000004 0.3765625000000001 0.3859375000000001
2 0.5421875 0.4140625 0.5265625 0.4140625 0.5265625 0.5 0.5421875 0.5
3 0.22031250000000008 0.4640625 0.2000000000000001 0.4640625 0.2000000000000001 0.5625 0.22031250000000008 0.5625
2 0.26250000000000007 0.4796875 0.24375000000000008 0.4796875 0.24375000000000008 0.5703125 0.26250000000000007 0.5703125
2 0.2921875 0.2140625 0.2625 0.2140625 0.2625 0.2828125 0.2921875 0.2828125
2 0.9484375 0.4031250000000002 0.9234375 0.4031250000000002 0.9234375 0.4937500000000002 0.9484375 0.4937500000000002
2 0.5078125 0.5640625 0.4859375 0.5640625 0.4859375 0.6640625 0.5078125 0.6640625
2 0.4937500000000002 0.8765625 0.47187500000000016 0.8765625 0.47187500000000016 0.9984375 0.4937500000000002 0.9984375
3 0.12187500000000002 0.1625 0.1 0.1625 0.10000000000000002 0.2328125 0.12187500000000004 0.2328125
2 0.06093750000000005 0.303125 0.040625000000000036 0.303125 0.040625000000000036 0.390625 0.06093750000000005 0.390625
2 0.08125000000000004 0.3 0.06562500000000004 0.3 0.06562500000000004 0.38125 0.08125000000000004 0.38125
2 0.440625 0.17187500000000006 0.421875 0.17187500000000006 0.421875 0.2609375000000001 0.440625 0.2609375000000001
0 0.5 0.2562500000000001 0.4859375 0.2562500000000001 0.4859375 0.2812500000000001 0.5 0.2812500000000001