2 0.4890625 0.2312500000000001 0.4671875 0.2312500000000001 0.4671875 0.2890625000000001 0.4890625 0.2890625000000001
2 0.5015625 0.30937500000000007 0.484375 0.30937500000000007 0.484375 0.3828125000000001 0.5015625 0.3828125000000001
2 0.8875 0.3781250000000001 0.871875 0.3781250000000001 0.871875 0.46406250000000016 0.8875 0.46406250000000016
3 0.31718750000000007 0.46875 0.29375000000000007 0.46875 0.29375000000000007 0.565625 0.31718750000000007 0.565625
2 0.5015625 0.3859375000000001 0.4859375 0.3859375000000001 0.4859375 0.4703125 0.5015625 0.4703125
3 0.203125 0.17968750000000006 0.184375 0.17968750000000006 0.184375 0.2515625 0.203125 0.2515625
2 0.6578125 0.415625 0.6421875 0.415625 0.6421875 0.496875 0.6578125 0.496875
2 0.6093750000000002 0.8796875 0.5875000000000001 0.8796875 0.5875000000000001 0.9984375 0.6093750000000002 0.9984375
2 0.621875 0.5484375 0.603125 0.5484375 0.603125 0.6421875 0.621875 0.6421875
2 0.821875 0.2765625000000001 0.8078125 0.2765625000000001 0.8078125 0.3500000000000001 0.821875 0.3500000000000001
2 0.032812500000000064 0.4765625 0.012500000000000061 0.4765625 0.012500000000000067 0.571875 0.032812500000000064 0.571875
2 0.19843750000000004 0.2984375 0.17500000000000004 0.2984375 0.17500000000000004 0.378125 0.19843750000000004 0.378125
2 0.3859375000000001 0.4859375 0.3671875000000001 0.4859375 0.3671875000000001 0.571875 0.3859375000000001 0.571875
2 0.6125 0.56875 0.59375 0.56875 0.59375 0.6703125 0.6125 0.6703125
2 0.30156250000000007 0.696875 0.27812500000000007 0.696875 0.27812500000000007 0.803125 0.30156250000000007 0.803125
2 0.21562500000000004 0.296875 0.19687500000000005 0.296875 0.19687500000000005 0.3734375 0.2156250000000001 0.3734375
0 0.5640625 0.26250000000000007 0.5515625 0.26250000000000007 0.5515625 0.2875000000000001 0.5640625 0.2875000000000001
2 0.565625 0.2000000000000001 0.55 0.2000000000000001 0.55 0.2828125000000001 0.565625 0.2828125000000001
2 0.017187500000000078 0.5890625 7.213935051227377e-17 0.5890625 7.85496111015607e-17 0.69375 0.017187500000000085 0.69375