0 0.7140625 0.471875 0.696875 0.471875 0.696875 0.50625 0.7140625 0.50625
2 0.7203125 0.409375 0.6953125 0.409375 0.6953125 0.50625 0.7203125 0.50625
2 0.4859375 0.4828125 0.4671875 0.4828125 0.4671875 0.58125 0.4859375 0.58125
2 0.6000000000000002 0.7546875 0.5687500000000002 0.7546875 0.5687500000000002 0.88125 0.6000000000000002 0.88125
2 0.5453125 0.2734375000000001 0.528125 0.2734375000000001 0.528125 0.3500000000000001 0.5453125 0.3500000000000001
2 0.2171875000000001 0.65625 0.1937500000000001 0.65625 0.1937500000000001 0.7703125 0.2171875000000001 0.7703125
2 0.09687500000000007 0.4953125 0.07500000000000007 0.4953125 0.07500000000000007 0.596875 0.09687500000000007 0.596875
2 0.2015625000000001 0.51875 0.18281250000000004 0.51875 0.18281250000000007 0.609375 0.2015625000000001 0.609375
2 0.02031250000000005 0.3609375 0.0015625000000000443 0.3609375 0.0015625000000000495 0.4453125 0.020312500000000056 0.4453125
2 0.1828125000000001 0.671875 0.16406250000000008 0.671875 0.16406250000000008 0.7875 0.1828125000000001 0.7875
2 0.11718750000000014 0.934375 0.08437500000000012 0.934375 0.08437500000000012 1 0.11718750000000014 1