3 0.023437500000000066 0.4828125 5.912747827133314e-17 0.4828125 6.659016970363734e-17 0.6046875 0.023437500000000073 0.6046875
2 0.08281250000000008 0.5328125 0.056250000000000064 0.5328125 0.05625000000000008 0.6546875 0.0828125000000001 0.6546875
2 0.10937500000000008 0.765625 0.06562500000000009 0.765625 0.0656250000000001 0.896875 0.10937500000000008 0.896875
2 0.496875 0.4234375 0.475 0.4234375 0.475 0.51875 0.496875 0.51875
2 0.37968750000000007 0.6515625 0.34062500000000007 0.6515625 0.34062500000000007 0.7546875 0.37968750000000007 0.7546875
2 0.678125 0.4453125 0.65625 0.4453125 0.65625 0.553125 0.678125 0.553125
2 0.5421875 0.68125 0.50625 0.68125 0.5062500000000001 0.796875 0.5421875000000002 0.796875
2 0.03125000000000004 0.2890625 0.006250000000000036 0.2890625 0.006250000000000043 0.396875 0.03125000000000004 0.396875
2 0.378125 0.17968750000000006 0.3625 0.17968750000000006 0.3625 0.26875000000000004 0.378125 0.2687500000000001
2 0.80625 0.09531250000000009 0.7875 0.09531250000000009 0.7875 0.18125000000000008 0.80625 0.18125000000000008
2 0.27812500000000007 0.4859375 0.2531250000000001 0.4859375 0.2531250000000001 0.6015625 0.27812500000000007 0.6015625
2 0.18281250000000004 0.340625 0.16875000000000004 0.340625 0.16875000000000004 0.446875 0.18281250000000004 0.446875
2 0.20468750000000008 0.921875 0.16875000000000012 0.921875 0.16875000000000012 1 0.20468750000000008 1
2 0.1671875 1.923078176786078e-17 0.146875 1.798699986247675e-17 0.146875 0.03125000000000002 0.1671875 0.03125000000000002
0 0.5375000000000002 0.7640625 0.5250000000000001 0.7640625 0.5250000000000001 0.7859375 0.5375000000000002 0.7859375