0 0.18125000000000008 0.59375 0.1687500000000001 0.59375 0.1687500000000001 0.615625 0.18125000000000008 0.615625
2 0.2171875000000001 0.56875 0.1921875000000001 0.56875 0.1921875000000001 0.6421875 0.2171875000000001 0.6421875
2 0.70625 0.3984375000000001 0.6875 0.3984375000000001 0.6875 0.4890625 0.70625 0.4890625
2 0.784375 0.6640625000000002 0.7625 0.6640625000000002 0.7625000000000001 0.7718750000000002 0.7843750000000002 0.7718750000000002
3 0.84375 0.5375000000000002 0.8171875 0.5375000000000002 0.8171875 0.6468750000000002 0.84375 0.6468750000000002
2 0.8390625 0.4203125000000002 0.81875 0.4203125000000002 0.81875 0.5187500000000002 0.8390625 0.5187500000000002
2 0.8421875 0.3546875000000001 0.8171875 0.3546875000000001 0.8171875 0.4421875000000002 0.8421875 0.4421875000000002
2 0.509375 0.5 0.490625 0.5 0.490625 0.6015625 0.509375 0.6015625
3 0.7578125 0.22656250000000008 0.7296875 0.22656250000000008 0.7296875 0.3031250000000001 0.7578125 0.3031250000000001
2 0.99375 0.3968750000000001 0.975 0.3968750000000001 0.975 0.49218750000000017 0.99375 0.49218750000000017
2 0.4328125 0.5828125 0.37968750000000007 0.5828125 0.37968750000000007 0.6171875 0.4328125 0.6171875
2 0.446875 0.5796875 0.428125 0.5796875 0.428125 0.653125 0.446875 0.653125