2 0.2734375000000001 0.3765625 0.25468750000000007 0.3765625 0.25468750000000007 0.4625 0.2734375000000001 0.4625
2 0.6890625000000001 0.634375 0.6578125 0.634375 0.6578125000000001 0.7375 0.6890625000000001 0.7375
2 0.490625 0.478125 0.46875 0.478125 0.46875 0.5671875 0.490625 0.5671875
2 0.5703125 0.540625 0.5328125 0.540625 0.5328125 0.628125 0.5703125 0.628125
2 0.5343750000000002 0.7984375 0.49218750000000017 0.7984375 0.49218750000000017 0.9109375 0.5343750000000002 0.9109375
2 0.8546875 0.5125000000000002 0.8296875 0.5125000000000002 0.8296875 0.6000000000000002 0.8546875 0.6000000000000002
2 0.58125 0.4671875 0.5453125 0.4671875 0.5453125 0.5453125 0.58125 0.5453125
3 0.7265625 0.5468750000000001 0.6984375 0.546875 0.6984375 0.6515625 0.7265625 0.6515625000000002
2 0.32500000000000007 0.5578125 0.3000000000000001 0.5578125 0.3000000000000001 0.6578125 0.32500000000000007 0.6578125
2 0.2656250000000001 0.6359375 0.2390625000000001 0.6359375 0.2390625000000001 0.7328125 0.2656250000000001 0.7328125
1 0.11406250000000007 0.5390625 0.08906250000000007 0.5390625 0.08906250000000007 0.6453125 0.1140625000000001 0.6453125
2 0.4875 0.3281250000000001 0.46875 0.3281250000000001 0.46875 0.409375 0.4875 0.409375
2 0.4203125 0.421875 0.4 0.421875 0.4 0.5109375 0.4203125 0.5109375
2 0.771875 0.37968750000000007 0.75625 0.37968750000000007 0.75625 0.4625000000000002 0.771875 0.4625000000000002
2 0.3812500000000001 0.64375 0.36406250000000007 0.64375 0.36406250000000007 0.73125 0.3812500000000001 0.73125
2 0.24375000000000008 0.684375 0.2093750000000001 0.684375 0.2093750000000001 0.784375 0.24375000000000008 0.784375
2 0.3031250000000001 0.59375 0.2765625000000001 0.59375 0.2765625000000001 0.6921875 0.3031250000000001 0.6921875
0 0.5953125 0.5328125 0.5796875 0.5328125 0.5796875 0.5515625 0.5953125 0.5515625