2 0.6125 0.5265625 0.58125 0.5265625 0.58125 0.634375 0.6125 0.634375
2 0.4171875 0.3203125000000001 0.39375 0.3203125000000001 0.39375000000000004 0.4078125 0.4171875 0.4078125
2 0.58125 0.4046875 0.553125 0.4046875 0.553125 0.5015625 0.58125 0.5015625
2 0.528125 0.44375 0.496875 0.44375 0.496875 0.5296875 0.528125 0.5296875
2 0.2140625 0.2734375 0.18281250000000004 0.2734375 0.18281250000000004 0.359375 0.2140625 0.359375
2 0.3468750000000001 0.6 0.3281250000000001 0.6 0.3281250000000001 0.703125 0.3468750000000001 0.703125
2 0.696875 0.5046875 0.6765625 0.5046875 0.6765625 0.615625 0.696875 0.615625
2 0.7843750000000002 0.7515625000000001 0.7593750000000001 0.7515625000000001 0.7593750000000001 0.8703125 0.7843750000000002 0.8703125
2 0.290625 0.334375 0.271875 0.334375 0.27187500000000003 0.4296875 0.2906250000000001 0.4296875
2 0.40625 0.4078125 0.3843750000000001 0.4078125 0.3843750000000001 0.5046875 0.40625 0.5046875
2 0.7625 0.5953125000000001 0.7390625 0.5953125000000001 0.7390625 0.7062500000000002 0.7625 0.7062500000000002
3 0.33906250000000004 0.3546875 0.3140625 0.3546875 0.3140625 0.45 0.3390625000000001 0.45
2 0.02343750000000005 0.340625 4.171453159595672e-17 0.340625 4.7837765591693485e-17 0.440625 0.023437500000000056 0.440625
2 0.3296875 0.2265625 0.30625 0.2265625 0.30625 0.290625 0.3296875 0.290625
2 0.2703125 0.2703125 0.2453125 0.2703125 0.2453125 0.3625 0.2703125 0.3625
0 0.3421875 0.278125 0.3296875 0.278125 0.3296875 0.3046875 0.3421875 0.3046875
2 0.2625 0.2609375 0.2265625 0.2609375 0.2265625 0.31875 0.2625 0.31875