2 0.53125 0.5234375 0.503125 0.5234375 0.503125 0.6375 0.53125 0.6375
2 0.4765625 0.3515625000000001 0.4515625 0.3515625000000001 0.4515625 0.459375 0.4765625 0.459375
2 0.584375 0.50625 0.5515625 0.50625 0.5515625 0.6203125 0.584375 0.6203125
3 0.19375000000000006 0.5234375 0.17031250000000003 0.5234375 0.17031250000000006 0.634375 0.1937500000000001 0.634375
2 0.7187500000000002 0.7484375 0.6921875000000002 0.7484375 0.6921875000000002 0.86875 0.7187500000000002 0.86875
2 0.14843750000000006 0.2296875 0.12656250000000005 0.2296875 0.12656250000000005 0.321875 0.14843750000000006 0.321875
2 0.36875 0.23750000000000004 0.3515625 0.2375 0.3515625 0.32343750000000004 0.36875 0.3234375000000001
2 0.3750000000000001 0.4734375 0.3546875000000001 0.4734375 0.3546875000000001 0.5765625 0.3750000000000001 0.5765625
1 0.8703125 0.2500000000000001 0.8484375 0.2500000000000001 0.8484375 0.36406250000000007 0.8703125 0.36406250000000007
2 0.659375 0.671875 0.63125 0.671875 0.6312500000000001 0.7875 0.6593750000000002 0.7875
2 0.3312500000000001 0.6234375 0.3078125000000001 0.6234375 0.3078125000000001 0.7171875 0.3312500000000001 0.7171875
2 0.2531250000000001 0.7640625 0.23437500000000008 0.7640625 0.23437500000000008 0.875 0.2531250000000001 0.875
2 0.4671875000000001 0.6421875 0.415625 0.6421875 0.4156250000000001 0.7609375 0.4671875000000002 0.7609375
3 1 0.953125 0.9859375 0.953125 0.9859375 0.9984375 1 0.9984375
0 0.5015625000000001 0.73125 0.4828125000000002 0.73125 0.4828125000000002 0.7640625 0.5015625000000001 0.7640625
2 0.3500000000000001 0.6109375 0.3296875000000001 0.6109375 0.3296875000000001 0.7421875 0.3500000000000001 0.7421875