2 0.659375 0.471875 0.63125 0.471875 0.63125 0.5796875 0.659375 0.5796875
2 0.04843750000000008 0.5625 0.018750000000000065 0.5625 0.018750000000000076 0.68125 0.04843750000000009 0.68125
2 0.6718750000000001 0.7015625 0.6203125 0.7015625 0.6203125 0.825 0.6718750000000002 0.825
2 0.4921875 0.5375 0.4625 0.5375 0.4625 0.640625 0.4921875 0.640625
3 0.03281250000000001 0.0015625000000000027 0.0125 0.0015625000000000014 0.012500000000000006 0.0921875 0.03281250000000001 0.0921875
2 0.3656250000000001 0.6375 0.3437500000000001 0.6375 0.3437500000000001 0.75 0.3656250000000001 0.75
2 0.14375000000000004 0.3796875 0.12656250000000005 0.3796875 0.12656250000000005 0.4828125 0.14375000000000004 0.4828125
2 0.0765625000000001 0.790625 0.0437500000000001 0.790625 0.04375000000000011 0.915625 0.07656250000000012 0.915625
2 0.734375 0.1453125000000001 0.7125 0.1453125000000001 0.7125 0.22656250000000008 0.734375 0.22656250000000008
2 0.3843750000000001 0.5296875 0.3578125000000001 0.5296875 0.3578125000000001 0.6484375 0.3843750000000001 0.6484375
2 0.3375 0.2375 0.3171875 0.2375 0.3171875 0.3265625 0.3375 0.3265625
2 0.978125 0.6546875000000002 0.95625 0.6546875000000002 0.95625 0.7843750000000002 0.978125 0.7843750000000002
2 0.14531250000000012 0.953125 0.11718750000000014 0.953125 0.11718750000000014 0.9984375 0.14531250000000012 0.9984375
2 0.0703125 0.023437500000000007 0.0515625 0.023437500000000007 0.0515625 0.084375 0.0703125 0.084375
0 0.528125 0.634375 0.5171875 0.634375 0.5171875 0.6546875 0.528125 0.6546875