2 0.578125 0.3687500000000001 0.553125 0.3687500000000001 0.553125 0.4546875 0.578125 0.4546875
0 0.5453125 0.3218750000000001 0.5375 0.3218750000000001 0.5375 0.3343750000000001 0.5453125 0.3343750000000001
2 0.565625 0.2375000000000001 0.5296875 0.2375000000000001 0.5296875 0.31718750000000007 0.565625 0.31718750000000007
2 0.56875 0.2453125000000001 0.5375 0.2453125000000001 0.5375 0.3359375000000001 0.56875 0.3359375000000001
2 0.3453125 0.26875 0.3234375 0.26875 0.3234375 0.3484375 0.3453125 0.3484375
2 0.03750000000000008 0.634375 0.007812500000000078 0.634375 0.007812500000000085 0.7453125 0.03750000000000009 0.7453125
2 0.1671875000000001 0.6640625 0.1468750000000001 0.6640625 0.1468750000000001 0.76875 0.1671875000000001 0.76875
2 0.6984375 0.5125 0.6734375 0.5125 0.6734375 0.621875 0.6984375 0.621875
2 0.10156250000000004 0.39375 0.08281250000000004 0.39375 0.08281250000000005 0.4875 0.10156250000000004 0.4875
2 0.4718750000000001 0.7203125 0.453125 0.7203125 0.4531250000000001 0.8421875 0.47187500000000016 0.8421875
2 0.6515625 0.421875 0.6296875 0.421875 0.6296875 0.5234375 0.6515625 0.5234375
2 0.5937500000000001 0.640625 0.56875 0.640625 0.5687500000000001 0.7515625 0.5937500000000002 0.7515625
2 0.3468750000000001 0.440625 0.32500000000000007 0.440625 0.32500000000000007 0.5375 0.3468750000000001 0.5375
2 0.565625 0.55 0.5421875 0.55 0.5421875 0.659375 0.565625 0.659375
3 0.22812500000000008 0.3671875 0.2062500000000001 0.3671875 0.2062500000000001 0.4609375 0.22812500000000008 0.4609375
2 0.35781250000000003 0.3421875 0.3390625 0.3421875 0.33906250000000004 0.428125 0.3578125000000001 0.428125
1 0.946875 0.40156250000000016 0.9265625 0.40156250000000016 0.9265625 0.5156250000000002 0.946875 0.5156250000000002
2 0.03750000000000004 0.2546875 0.007812500000000031 0.2546875 0.007812500000000036 0.340625 0.03750000000000005 0.340625
2 0.628125 0.20468750000000008 0.603125 0.20468750000000008 0.603125 0.2906250000000001 0.628125 0.2906250000000001