2 0.7421875 0.3906250000000001 0.71875 0.3906250000000001 0.71875 0.4906250000000001 0.7421875 0.4906250000000002
2 0.546875 0.2250000000000001 0.525 0.2250000000000001 0.525 0.2984375000000001 0.546875 0.2984375000000001
2 0.2984375 0.2546875 0.2734375 0.2546875 0.2734375 0.33125 0.2984375 0.33125
2 0.24218750000000006 0.334375 0.221875 0.334375 0.22187500000000004 0.4296875 0.24218750000000008 0.4296875
2 0.7390625 0.5125000000000001 0.709375 0.5125 0.709375 0.6109375000000001 0.7390625 0.6109375000000001
2 0.05625000000000004 0.3171875 0.03593750000000003 0.3171875 0.03593750000000004 0.4078125 0.05625000000000004 0.4078125
2 0.39062500000000006 0.2921875000000001 0.3640625 0.2921875000000001 0.36406250000000007 0.3734375000000001 0.3906250000000001 0.3734375000000001
2 0.5703125 0.3078125000000001 0.5515625 0.3078125000000001 0.5515625 0.3937500000000001 0.5703125 0.3937500000000001
2 0.53125 0.615625 0.5109375 0.615625 0.5109375 0.721875 0.53125 0.721875
2 0.8953125 0.6078125000000002 0.8734375 0.6078125000000002 0.8734375 0.7250000000000002 0.8953125 0.7250000000000002
2 0.6890625 0.4203125 0.6671875 0.4203125 0.6671875 0.51875 0.6890625 0.51875
3 0.528125 0.3453125000000001 0.5078125 0.3453125000000001 0.5078125 0.4421875 0.528125 0.4421875
2 0.9984375 0.8125 0.975 0.8125 0.975 0.94375 0.9984375 0.94375
2 0.8140625 0.49531250000000016 0.7890625 0.49531250000000016 0.7890625 0.6015625000000002 0.8140625 0.6015625000000002
2 0.02187500000000009 0.671875 8.22809568177128e-17 0.671875 8.955229718765019e-17 0.790625 0.021875000000000096 0.790625
2 0.559375 0.4109375 0.5375 0.4109375 0.5375 0.5109375 0.559375 0.5109375
2 0.51875 0.3281250000000001 0.5 0.3281250000000001 0.5 0.37968750000000007 0.51875 0.37968750000000007
0 0.3078125 0.3171875 0.296875 0.3171875 0.296875 0.3359375 0.3078125 0.3359375
2 0.396875 0.2562500000000001 0.38125 0.2562500000000001 0.38125 0.33281250000000007 0.396875 0.33281250000000007