0 0.5062500000000002 0.8609375 0.4937500000000002 0.8609375 0.4937500000000002 0.8828125 0.5062500000000002 0.8828125
2 0.4484375 0.3578125000000001 0.4171875 0.3578125000000001 0.4171875 0.4765625 0.4484375 0.4765625
2 0.884375 0.6765625000000002 0.846875 0.6765625000000002 0.846875 0.81875 0.884375 0.81875
2 0.928125 0.4578125000000002 0.884375 0.4578125000000002 0.884375 0.5906250000000002 0.928125 0.5906250000000002
2 0.815625 0.7031250000000002 0.759375 0.7031250000000002 0.7593750000000001 0.84375 0.815625 0.84375
2 0.840625 0.2312500000000001 0.8078125 0.2312500000000001 0.8078125 0.3437500000000001 0.840625 0.3437500000000001
2 0.55 0.3203125000000001 0.5234375 0.3203125000000001 0.5234375 0.4359375 0.55 0.4359375
2 0.828125 0.0750000000000001 0.8015625 0.0750000000000001 0.8015625 0.1828125000000001 0.828125 0.1828125000000001
2 0.07500000000000002 0.1203125 0.04375000000000001 0.1203125 0.04375000000000002 0.2140625 0.07500000000000002 0.2140625
2 0.2296875 2.659779766898158e-17 0.2046875 2.5066989170047385e-17 0.2046875 0.057812500000000024 0.2296875 0.057812500000000024
2 0.2484375 0.004687500000000029 0.2265625 0.004687500000000028 0.2265625 0.07500000000000002 0.2484375 0.07500000000000002