2 0.3218750000000001 0.653125 0.2906250000000001 0.653125 0.2906250000000001 0.7546875 0.3218750000000001 0.7546875
2 0.6578125 0.34062500000000007 0.6390625 0.34062500000000007 0.6390625 0.43125 0.6578125 0.43125
3 0.4546875 0.4109375 0.4296875 0.4109375 0.4296875 0.5078125 0.4546875 0.5078125
2 0.4234375 0.32500000000000007 0.3921875 0.32500000000000007 0.3921875 0.40625 0.4234375 0.40625
2 0.4234375000000002 0.73125 0.4000000000000002 0.73125 0.4000000000000002 0.846875 0.4234375000000002 0.846875
2 0.8171875 0.7000000000000002 0.7859375 0.7000000000000002 0.7859375000000001 0.81875 0.8171875 0.81875
2 0.8625 0.5187500000000002 0.83125 0.5187500000000002 0.83125 0.6265625000000001 0.8625 0.6265625000000001
2 0.896875 0.2453125000000001 0.875 0.2453125000000001 0.875 0.3281250000000001 0.896875 0.3281250000000001
2 0.590625 0.3234375000000001 0.565625 0.3234375000000001 0.565625 0.4078125 0.590625 0.4078125
2 0.7296875 0.2656250000000001 0.7140625 0.2656250000000001 0.7140625 0.34843750000000007 0.7296875 0.34843750000000007
2 0.15781250000000008 0.6109375 0.12656250000000008 0.6109375 0.12656250000000008 0.721875 0.15781250000000008 0.721875
2 0.17812500000000003 0.4234375 0.15781250000000005 0.4234375 0.15781250000000005 0.5203125 0.17812500000000003 0.5203125
2 0.4609375 0.26250000000000007 0.4296875 0.26250000000000007 0.4296875 0.3296875000000001 0.4609375 0.3296875000000001
2 0.446875 0.2406250000000001 0.425 0.2406250000000001 0.425 0.3218750000000001 0.446875 0.3218750000000001
2 0.478125 0.2453125000000001 0.459375 0.2453125000000001 0.459375 0.32500000000000007 0.478125 0.32500000000000007
2 0.05625000000000006 0.403125 0.034375000000000044 0.403125 0.03437500000000005 0.49375 0.056250000000000064 0.49375
2 0.665625 0.425 0.6515625 0.425 0.6515625 0.521875 0.665625 0.521875
2 0.9484375 0.5359375000000002 0.9171875 0.5359375000000002 0.9171875 0.6468750000000002 0.9484375 0.6468750000000002
2 0.29375 0.2734375 0.2703125 0.2734375 0.2703125 0.359375 0.29375 0.359375
2 0.996875 0.41718750000000016 0.978125 0.41718750000000016 0.978125 0.5203125000000002 0.996875 0.5203125000000002