2 0.4562500000000001 0.7015625 0.421875 0.7015625 0.4218750000000001 0.840625 0.45625000000000016 0.840625
2 0.3375000000000001 0.5234375 0.3000000000000001 0.5234375 0.3000000000000001 0.6546875 0.3375000000000001 0.6546875
2 0.978125 0.6734375000000001 0.93125 0.6734375000000001 0.93125 0.8109375 0.978125 0.8109375
2 0.74375 0.3921875000000001 0.7125 0.3921875000000001 0.7125 0.5109375 0.74375 0.5109375000000002
2 0.890625 0.3734375000000001 0.8609375 0.3734375000000001 0.8609375 0.4984375000000002 0.890625 0.4984375000000002
2 0.478125 0.06406250000000006 0.4546875 0.06406250000000006 0.4546875 0.17343750000000005 0.478125 0.17343750000000005
3 0.25312500000000004 0.2453125 0.2234375 0.2453125 0.22343750000000004 0.365625 0.2531250000000001 0.365625
2 0.365625 0.12500000000000006 0.34375 0.12500000000000006 0.34375 0.23593750000000005 0.365625 0.23593750000000008
2 0.03437500000000008 0.5375 0.010937500000000067 0.5375 0.010937500000000076 0.68125 0.034375000000000086 0.68125
2 0.034375000000000024 0.1328125 0.009375000000000017 0.1328125 0.009375000000000024 0.2546875 0.03437500000000003 0.2546875
3 0.5859375000000002 0.890625 0.5500000000000002 0.890625 0.5500000000000002 0.99375 0.5859375000000002 0.99375
2 0.715625 8.629932912741505e-17 0.69375 8.495987169084762e-17 0.69375 0.057812500000000086 0.715625 0.057812500000000086