0 0.3312500000000001 0.3734375 0.3234375000000001 0.3734375 0.3234375000000001 0.3890625 0.3312500000000001 0.3890625
2 0.8125 0.4750000000000002 0.7875 0.4750000000000002 0.7875 0.5875000000000001 0.8125 0.5875000000000001
2 0.18906250000000005 0.36875 0.16250000000000003 0.36875 0.16250000000000003 0.471875 0.18906250000000005 0.471875
2 0.575 0.453125 0.553125 0.453125 0.553125 0.5578125 0.575 0.5578125
2 0.5421875 0.3703125000000001 0.5203125 0.3703125000000001 0.5203125 0.46875 0.5421875 0.46875
2 0.4234375 0.49375 0.3984375000000001 0.49375 0.3984375000000001 0.6 0.4234375 0.6
2 0.64375 0.540625 0.615625 0.540625 0.615625 0.653125 0.64375 0.653125
2 0.471875 0.18906250000000005 0.45 0.18906250000000005 0.45 0.2734375000000001 0.471875 0.2734375000000001
3 0.11718750000000003 0.1171875 0.09531250000000002 0.1171875 0.09531250000000002 0.2078125 0.11718750000000004 0.2078125
2 0.934375 0.09687500000000011 0.915625 0.09687500000000011 0.915625 0.18750000000000014 0.934375 0.18750000000000014
2 0.9 0.38750000000000007 0.8765625 0.38750000000000007 0.8765625 0.48437500000000017 0.9 0.48437500000000017
2 0.709375 0.6015625 0.6859375 0.6015625 0.6859375 0.7125 0.709375 0.7125
2 0.20312500000000008 0.5421875 0.17656250000000004 0.5421875 0.17656250000000007 0.6578125 0.20312500000000008 0.6578125
3 0.9828125 0.3750000000000001 0.9546875 0.3750000000000001 0.9546875 0.4859375000000002 0.9828125 0.4859375000000002
2 0.94375 0.19218750000000012 0.925 0.19218750000000012 0.925 0.28593750000000007 0.94375 0.28593750000000007
2 0.971875 0.3218750000000001 0.940625 0.3218750000000001 0.940625 0.42500000000000016 0.971875 0.42500000000000016