2 0.6859375 0.3890625000000001 0.6703125 0.3890625000000001 0.6703125 0.475 0.6859375 0.475
2 0.5578125 0.2843750000000001 0.5375 0.2843750000000001 0.5375 0.3609375000000001 0.5578125 0.3609375000000001
2 0.3140625000000001 0.6890625 0.2921875000000001 0.6890625 0.2921875000000001 0.7953125 0.3140625000000001 0.7953125
2 0.265625 0.26875 0.234375 0.26875 0.234375 0.346875 0.265625 0.346875
2 0.6578125 0.5375 0.6359375 0.5375 0.6359375 0.640625 0.6578125 0.640625
2 0.28125 0.2703125 0.25625 0.2703125 0.25625 0.3484375 0.28125 0.3484375
2 0.8453125 0.2468750000000001 0.8265625 0.2468750000000001 0.8265625 0.3218750000000001 0.8453125 0.3218750000000001
2 0.02187500000000006 0.459375 0.003125000000000057 0.459375 0.0031250000000000626 0.559375 0.021875000000000068 0.559375
2 0.5375 0.21250000000000008 0.5171875 0.21250000000000008 0.5171875 0.27812500000000007 0.5375 0.27812500000000007
2 0.5328125 0.3703125000000001 0.5171875 0.3703125000000001 0.5171875 0.4609375 0.5328125 0.4609375
2 0.625 0.5515625 0.60625 0.5515625 0.60625 0.6546875 0.625 0.6546875
2 0.9171875 0.3609375000000001 0.9015625 0.3609375000000001 0.9015625 0.4468750000000002 0.9171875 0.4468750000000002
2 0.4203125 0.475 0.4015625 0.475 0.4015625 0.56875 0.4203125 0.56875
2 0.6312500000000002 0.88125 0.6062500000000002 0.88125 0.6062500000000002 0.9984375 0.6312500000000002 0.9984375
3 0.3281250000000001 0.4484375 0.3062500000000001 0.4484375 0.3062500000000001 0.5484375 0.3281250000000001 0.5484375
2 0.5953125 0.18906250000000008 0.575 0.18906250000000008 0.575 0.2765625000000001 0.5953125 0.2765625000000001
3 0.1921875 0.15937500000000002 0.1671875 0.159375 0.16718750000000002 0.2515625 0.19218750000000004 0.2515625
0 0.696875 0.2796875000000001 0.6828125 0.2796875000000001 0.6828125 0.3062500000000001 0.696875 0.3062500000000001