2 0.2968750000000001 0.4609375 0.27812500000000007 0.4609375 0.27812500000000007 0.5546875 0.2968750000000001 0.5546875
2 0.6765625 0.4609375 0.6578125 0.4609375 0.6578125 0.546875 0.6765625 0.546875
2 0.7109375 0.2984375000000001 0.6921875 0.2984375000000001 0.6921875 0.37187500000000007 0.7109375 0.37187500000000007
2 0.865625 0.4203125000000002 0.85 0.4203125000000002 0.85 0.5171875000000001 0.865625 0.5171875000000001
2 0.2328125000000001 0.3671875 0.2140625000000001 0.3671875 0.2140625000000001 0.4515625 0.2328125000000001 0.4515625
2 0.1437500000000001 0.56875 0.12343750000000009 0.56875 0.12343750000000009 0.665625 0.1437500000000001 0.665625
2 0.4234375000000001 0.621875 0.4015625 0.621875 0.4015625000000001 0.7296875 0.4234375000000002 0.7296875
3 0.18125000000000008 0.5609375 0.15625000000000008 0.5609375 0.15625000000000008 0.6671875 0.18125000000000008 0.6671875
2 0.3890625000000001 0.6421875 0.3703125000000001 0.6421875 0.3703125000000001 0.7515625 0.3890625000000001 0.7515625
2 0.409375 0.490625 0.3937500000000001 0.490625 0.3937500000000001 0.571875 0.409375 0.571875
2 0.0562500000000001 0.78125 0.0312500000000001 0.78125 0.031250000000000104 0.8984375 0.05625000000000011 0.8984375
2 0.06562500000000006 0.3890625 0.03750000000000005 0.3890625 0.03750000000000005 0.471875 0.06562500000000007 0.471875
2 0.7906250000000001 0.7578125000000002 0.7656250000000002 0.7578125000000002 0.7656250000000002 0.8796875 0.7906250000000001 0.8796875
2 0.19687500000000002 0.1609375 0.175 0.1609375 0.17500000000000002 0.25625 0.19687500000000005 0.25625
0 0.7203125 0.3781250000000001 0.7078125 0.3781250000000001 0.7078125 0.4109375 0.7203125 0.4109375
2 0.3421875000000001 0.9234375 0.3125000000000001 0.9234375 0.3125000000000001 1 0.3421875000000001 1