0 0.6953125 0.3281250000000001 0.6890625 0.3281250000000001 0.6890625 0.34062500000000007 0.6953125 0.34062500000000007
2 0.36406250000000007 0.465625 0.3421875000000001 0.465625 0.3421875000000001 0.5640625 0.36406250000000007 0.5640625
2 0.59375 0.5265625 0.56875 0.5265625 0.56875 0.6375 0.59375 0.6375
2 0.24375000000000008 0.6859375 0.2234375000000001 0.6859375 0.2234375000000001 0.8 0.24375000000000008 0.8
2 0.2140625 0.2546875 0.19375000000000003 0.2546875 0.19375000000000003 0.3453125 0.2140625 0.3453125
2 0.525 0.5171875 0.503125 0.5171875 0.503125 0.625 0.525 0.625
2 0.6203125 0.3546875000000001 0.5953125 0.3546875000000001 0.5953125 0.440625 0.6203125 0.440625
2 0.603125 0.2578125000000001 0.584375 0.2578125000000001 0.584375 0.33281250000000007 0.603125 0.33281250000000007
3 0.08125000000000002 0.14375 0.05625000000000002 0.14375 0.05625000000000002 0.2265625 0.08125000000000002 0.2265625
3 0.25468750000000007 0.428125 0.22656250000000008 0.428125 0.22656250000000008 0.5296875 0.25468750000000007 0.5296875
2 0.8421875 0.3343750000000001 0.821875 0.3343750000000001 0.821875 0.42968750000000017 0.8421875 0.42968750000000017
2 0.4953125 0.3453125000000001 0.4703125 0.3453125000000001 0.4703125 0.43125 0.4953125 0.43125
2 0.3546875 0.18906250000000005 0.3359375 0.18906250000000005 0.3359375 0.2703125 0.3546875 0.2703125
2 0.4859375 0.16406250000000006 0.4671875 0.16406250000000006 0.4671875 0.2468750000000001 0.4859375 0.2468750000000001
2 0.2671875 0.275 0.2515625 0.275 0.2515625 0.35625 0.2671875 0.35625
2 0.740625 0.2406250000000001 0.7171875 0.2406250000000001 0.7171875 0.3140625000000001 0.740625 0.3140625000000001
2 0.5234375000000002 0.9078125 0.49218750000000017 0.9078125 0.49218750000000017 1 0.5234375000000002 1