2 0.2734375000000001 0.5375 0.2468750000000001 0.5375 0.2468750000000001 0.63125 0.2734375000000001 0.63125
3 0.85625 0.4906250000000002 0.825 0.4906250000000002 0.825 0.5921875000000002 0.85625 0.5921875000000002
2 0.38750000000000007 0.50625 0.3531250000000001 0.50625 0.3531250000000001 0.609375 0.38750000000000007 0.609375
2 0.696875 0.4609375 0.6734375 0.4609375 0.6734375 0.559375 0.696875 0.559375
2 0.6671875 0.2812500000000001 0.6484375 0.2812500000000001 0.6484375 0.3671875000000001 0.6671875 0.3671875000000001
2 0.5140625000000001 0.659375 0.4859375 0.659375 0.4859375000000001 0.7734375 0.5140625000000002 0.7734375
2 0.7375 0.5671875000000001 0.709375 0.5671875 0.709375 0.6609375000000001 0.7375 0.6609375000000002
2 0.571875 0.2640625000000001 0.553125 0.2640625000000001 0.553125 0.3546875000000001 0.571875 0.3546875000000001
2 0.20468750000000008 0.6 0.1781250000000001 0.6 0.1781250000000001 0.68125 0.20468750000000008 0.68125
2 0.9609375 0.3000000000000001 0.934375 0.3000000000000001 0.934375 0.3890625000000001 0.9609375 0.3890625000000001
2 0.38750000000000007 0.35468750000000004 0.3625 0.3546875 0.36250000000000004 0.453125 0.38750000000000007 0.453125
2 0.5640625 0.3828125000000001 0.5390625 0.3828125000000001 0.5390625 0.490625 0.5640625 0.490625
2 0.9203125 0.4125000000000002 0.8984375 0.4125000000000002 0.8984375 0.5062500000000002 0.9203125 0.5062500000000002
1 0.10625000000000004 0.4296875 0.07500000000000004 0.4296875 0.07500000000000005 0.5359375 0.10625000000000004 0.5359375
2 0.4203125 0.5046875 0.3921875000000001 0.5046875 0.3921875000000001 0.60625 0.4203125 0.60625
2 0.609375 0.37968750000000007 0.5875 0.37968750000000007 0.5875 0.46875 0.609375 0.46875
2 0.615625 0.29375000000000007 0.59375 0.29375000000000007 0.59375 0.3843750000000001 0.615625 0.3843750000000001
2 0.9984375 0.5750000000000002 0.9734375 0.5750000000000002 0.9734375 0.6781250000000002 0.9984375 0.6781250000000002
2 0.53125 0.5953125 0.5046875 0.5953125 0.5046875 0.7046875 0.53125 0.7046875
0 0.5625 0.6125 0.5453125 0.6125 0.5453125 0.653125 0.5625 0.653125
3 0.6828125 0.1281250000000001 0.646875 0.1281250000000001 0.646875 0.23437500000000008 0.6828125 0.23437500000000008