2 0.2500000000000001 0.746875 0.21250000000000008 0.746875 0.21250000000000008 0.865625 0.2500000000000001 0.865625
2 0.7578125000000002 0.7562500000000002 0.7265625000000002 0.7562500000000002 0.7265625000000002 0.875 0.7578125000000002 0.875
2 0.3656250000000001 0.4671875 0.3343750000000001 0.4671875 0.3343750000000001 0.571875 0.3656250000000001 0.571875
2 0.14375000000000004 0.2203125 0.12343750000000005 0.2203125 0.12343750000000005 0.3125 0.14375000000000004 0.3125
2 0.565625 0.5046875 0.534375 0.5046875 0.534375 0.61875 0.565625 0.61875
2 0.51875 0.5296875 0.4953125 0.5296875 0.4953125 0.6421875 0.51875 0.6421875
2 0.371875 0.23593750000000005 0.35 0.2359375 0.35 0.32500000000000007 0.371875 0.32500000000000007
3 0.17812500000000006 0.503125 0.15625000000000006 0.503125 0.15625000000000006 0.6109375 0.1781250000000001 0.6109375
1 0.875 0.25468750000000007 0.8515625 0.25468750000000007 0.8515625 0.3656250000000001 0.875 0.3656250000000001
2 0.478125 0.3515625000000001 0.4546875 0.3515625000000001 0.4546875 0.459375 0.478125 0.459375
2 0.7078125000000001 0.6703125 0.6625 0.6703125 0.6625000000000001 0.784375 0.7078125000000002 0.784375
2 0.3390625000000001 0.628125 0.3046875000000001 0.628125 0.3046875000000001 0.753125 0.3390625000000001 0.753125
2 0.40312500000000007 0.6703125 0.3578125000000001 0.6703125 0.3578125000000001 0.759375 0.4031250000000002 0.759375
2 0.41093750000000007 0.6078125 0.3750000000000001 0.6078125 0.3750000000000001 0.7359375 0.4109375000000002 0.7359375
0 0.4312500000000001 0.715625 0.421875 0.715625 0.4218750000000001 0.740625 0.4312500000000002 0.740625