2 0.715625 0.5640625 0.690625 0.5640625 0.690625 0.675 0.715625 0.675
2 0.3343750000000001 0.409375 0.3125000000000001 0.409375 0.3125000000000001 0.5046875 0.3343750000000001 0.5046875
2 0.565625 0.4125 0.534375 0.4125 0.534375 0.4984375 0.565625 0.4984375
3 0.19062500000000004 0.3765625 0.16718750000000004 0.3765625 0.16718750000000004 0.4703125 0.19062500000000004 0.4703125
2 0.65 0.5890625 0.6234375 0.5890625 0.6234375 0.69375 0.65 0.69375
1 0.8015625 0.4109375000000002 0.7828125 0.4109375000000002 0.7828125 0.5218750000000002 0.8015625 0.5218750000000002
2 0.2640625000000001 0.5734375 0.24218750000000008 0.5734375 0.24218750000000008 0.678125 0.2640625000000001 0.678125
2 0.3140625 0.340625 0.2921875 0.340625 0.29218750000000004 0.4265625 0.3140625000000001 0.4265625
2 0.5421875 0.5046875 0.5234375 0.5046875 0.5234375 0.609375 0.5421875 0.609375
2 0.334375 0.278125 0.3 0.278125 0.3 0.3359375 0.334375 0.3359375
2 0.06718750000000004 0.35625 0.04843750000000004 0.35625 0.04843750000000005 0.4515625 0.06718750000000004 0.4515625
2 0.60625 0.4859375 0.5796875 0.4859375 0.5796875 0.5953125 0.60625 0.5953125
2 0.265625 0.2703125 0.24375 0.2703125 0.24375 0.34375 0.265625 0.34375
0 0.12187500000000004 0.3421875 0.11406250000000004 0.3421875 0.11406250000000004 0.3546875 0.12187500000000004 0.3546875
2 0.6171875 0.459375 0.5953125 0.459375 0.5953125 0.5625 0.6171875 0.5625