2 0.3375000000000001 0.6171875 0.2875000000000001 0.6171875 0.2875000000000001 0.728125 0.3375000000000001 0.728125
3 0.7125 0.4734375 0.68125 0.4734375 0.68125 0.5796875 0.7125 0.5796875
2 0.365625 0.24687500000000004 0.3453125 0.246875 0.3453125 0.34062500000000007 0.365625 0.34062500000000007
2 0.7203125000000001 0.6203125 0.6921875 0.6203125 0.6921875000000001 0.7453125 0.7203125000000001 0.7453125
2 0.2875000000000001 0.5109375 0.2500000000000001 0.5109375 0.2500000000000001 0.6078125 0.2875000000000001 0.6078125
2 0.4265625 0.5875 0.3921875000000001 0.5875 0.3921875000000001 0.7109375 0.4265625 0.7109375
2 0.3125000000000001 0.375 0.2890625000000001 0.375 0.2890625000000001 0.4796875 0.3125000000000001 0.4796875
2 0.85 0.2609375000000001 0.83125 0.2609375000000001 0.83125 0.3500000000000001 0.85 0.3500000000000001
2 0.5546875 0.22656250000000008 0.5328125 0.22656250000000008 0.5328125 0.3125000000000001 0.5546875 0.3125000000000001
2 0.778125 0.40156250000000016 0.7515625 0.40156250000000016 0.7515625 0.5046875000000002 0.778125 0.5046875000000002
2 0.478125 0.6 0.446875 0.6 0.446875 0.7171875 0.478125 0.7171875
2 0.40625 0.26250000000000007 0.3875 0.26250000000000007 0.3875 0.3578125000000001 0.40625 0.3578125000000001
3 0.534375 0.07187500000000006 0.5078125 0.07187500000000006 0.5078125 0.15468750000000003 0.534375 0.15468750000000003
2 0.13281250000000008 0.5796875 0.10312500000000009 0.5796875 0.10312500000000009 0.6953125 0.13281250000000008 0.6953125
2 0.10156250000000008 0.6328125 0.07343750000000007 0.6328125 0.07343750000000007 0.7359375 0.10156250000000008 0.7359375
2 0.5015625 0.4578125 0.4765625 0.4578125 0.4765625 0.5625 0.5015625 0.5625
2 0.48125 0.3609375000000001 0.45625 0.3609375000000001 0.45625 0.4578125 0.48125 0.4578125
2 0.3000000000000001 0.4828125 0.2687500000000001 0.4828125 0.2687500000000001 0.5828125 0.3000000000000001 0.5828125
2 0.30156250000000007 0.3328125 0.28125 0.3328125 0.28125000000000006 0.4328125 0.30156250000000007 0.4328125