2 0.453125 0.2718750000000001 0.4234375 0.2718750000000001 0.4234375 0.3343750000000001 0.453125 0.3343750000000001
3 0.571875 0.3750000000000001 0.55 0.3750000000000001 0.55 0.4703125 0.571875 0.4703125
2 0.11875000000000009 0.703125 0.09375000000000008 0.703125 0.0937500000000001 0.8234375 0.11875000000000009 0.8234375
2 0.22812500000000008 0.4078125 0.2062500000000001 0.4078125 0.2062500000000001 0.5 0.22812500000000008 0.5
2 0.5796875 0.4640625 0.559375 0.4640625 0.559375 0.5640625 0.5796875 0.5640625
2 0.31875 0.225 0.3015625 0.225 0.3015625 0.3140625 0.31875 0.3140625
2 0.2640625000000001 0.4296875 0.2406250000000001 0.4296875 0.2406250000000001 0.525 0.2640625000000001 0.525
2 0.24531250000000004 0.303125 0.221875 0.303125 0.22187500000000004 0.3859375 0.2453125000000001 0.3859375
2 0.93125 0.6546875000000002 0.90625 0.6546875000000002 0.90625 0.7734375000000002 0.93125 0.7734375000000002
2 0.6703125000000001 0.6734375 0.6484375 0.6734375 0.6484375000000001 0.784375 0.6703125000000002 0.784375
2 0.846875 0.4937500000000002 0.8265625 0.4937500000000002 0.8265625 0.6046875000000002 0.846875 0.6046875000000002
2 0.796875 0.4906250000000002 0.78125 0.4906250000000002 0.78125 0.5968750000000002 0.796875 0.5968750000000002
2 0.7296875 0.4312500000000001 0.7109375 0.43125 0.7109375 0.5312500000000001 0.7296875 0.5312500000000002
2 0.5171875 0.3203125000000001 0.4890625 0.3203125000000001 0.4890625 0.3968750000000001 0.5171875 0.3968750000000001
2 0.20781250000000004 0.321875 0.18437500000000004 0.321875 0.18437500000000004 0.396875 0.2078125000000001 0.396875
2 0.7484375 0.41406250000000017 0.728125 0.41406250000000017 0.728125 0.5156250000000002 0.7484375 0.5156250000000002
2 0.496875 0.3156250000000001 0.4734375 0.3156250000000001 0.4734375 0.403125 0.496875 0.403125
0 0.4890625 0.3609375000000001 0.4828125 0.3609375000000001 0.4828125 0.37187500000000007 0.4890625 0.37187500000000007