2 0.3453125000000001 0.4421875 0.3234375000000001 0.4421875 0.3234375000000001 0.540625 0.3453125000000001 0.540625
2 0.2359375 0.2578125 0.2078125 0.2578125 0.2078125 0.3421875 0.2359375 0.3421875
2 0.590625 0.4203125 0.5734375 0.4203125 0.5734375 0.5171875 0.590625 0.5171875
2 0.35625000000000007 0.34375 0.3375 0.34375 0.3375 0.4265625 0.35625000000000007 0.4265625
2 0.2250000000000001 0.6578125 0.20312500000000008 0.6578125 0.20312500000000008 0.7671875 0.2250000000000001 0.7671875
2 0.5578125 0.2812500000000001 0.5359375 0.2812500000000001 0.5359375 0.36406250000000007 0.5578125 0.36406250000000007
2 0.6625 0.534375 0.6375 0.534375 0.6375 0.6453125 0.6625 0.6453125
2 0.5656250000000002 0.7296875 0.5437500000000002 0.7296875 0.5437500000000002 0.85 0.5656250000000002 0.85
2 0.6265625 0.4359375 0.60625 0.4359375 0.60625 0.5359375 0.6265625 0.5359375
2 0.07343750000000006 0.40625 0.051562500000000046 0.40625 0.05156250000000005 0.5 0.07343750000000007 0.5
2 0.10312500000000005 0.25625 0.07968750000000002 0.25625 0.07968750000000004 0.340625 0.10312500000000005 0.340625
1 0.9390625 0.40937500000000016 0.915625 0.40937500000000016 0.915625 0.5203125000000002 0.9390625 0.5203125000000002
3 0.2171875000000001 0.3765625 0.19531250000000006 0.3765625 0.19531250000000006 0.4734375 0.2171875000000001 0.4734375
0 0.5203125 0.2812500000000001 0.509375 0.2812500000000001 0.509375 0.30156250000000007 0.5203125 0.30156250000000007
2 0.5296875 0.22656250000000008 0.5015625 0.22656250000000008 0.5015625 0.3046875000000001 0.5296875 0.3046875000000001
2 0.6328125000000001 0.640625 0.6140625 0.640625 0.6140625000000001 0.753125 0.6328125000000002 0.753125
2 0.05625000000000008 0.6328125 0.037500000000000075 0.6328125 0.03750000000000008 0.7453125 0.05625000000000009 0.7453125
2 0.525 0.5734375 0.50625 0.5734375 0.50625 0.6828125 0.525 0.6828125
2 0.5 0.23593750000000008 0.484375 0.23593750000000008 0.484375 0.30937500000000007 0.5 0.30937500000000007