2 0.23281250000000003 0.3359375 0.2125 0.3359375 0.21250000000000005 0.4203125 0.2328125000000001 0.4203125
2 0.5375 0.50625 0.5171875 0.50625 0.5171875 0.6265625 0.5375 0.6265625
2 0.55625 0.446875 0.5265625 0.446875 0.5265625 0.58125 0.55625 0.58125
2 0.578125 0.4125 0.5484375 0.4125 0.5484375 0.5078125 0.578125 0.5078125
3 0.07812500000000006 0.409375 0.050000000000000044 0.409375 0.05000000000000006 0.5140625 0.07812500000000007 0.5140625
2 0.08906250000000004 0.284375 0.05312500000000005 0.284375 0.05312500000000005 0.36875 0.08906250000000004 0.36875
2 0.2656250000000001 0.5484375 0.2375000000000001 0.5484375 0.2375000000000001 0.65 0.2656250000000001 0.65
2 0.2062500000000001 0.415625 0.17968750000000006 0.415625 0.17968750000000006 0.515625 0.2062500000000001 0.515625
2 0.4515625 0.409375 0.4265625 0.409375 0.4265625 0.5046875 0.4515625 0.5046875
2 0.55 0.5609375 0.515625 0.5609375 0.515625 0.665625 0.55 0.665625
2 0.25781250000000006 0.334375 0.2359375 0.334375 0.23593750000000005 0.4171875 0.2578125000000001 0.4171875
2 0.4703125 0.5625 0.4546875 0.5625 0.4546875 0.66875 0.4703125 0.66875
2 0.17812500000000003 0.359375 0.16093750000000004 0.359375 0.16093750000000004 0.4484375 0.17812500000000003 0.4484375
1 0.6984375 0.4390625 0.68125 0.4390625 0.68125 0.5046875 0.6984375 0.5046875
0 0.303125 3.664372844323721e-17 0.2953125 3.6165350787320275e-17 0.2953125 0.01718750000000004 0.303125 0.01718750000000004
2 0.05937500000000003 0.2453125 0.031250000000000035 0.2453125 0.03125000000000004 0.334375 0.059375000000000046 0.334375