3 0.7015625 0.3750000000000001 0.675 0.3750000000000001 0.675 0.4734375 0.7015625 0.4734375
2 0.34062500000000007 0.4265625 0.3218750000000001 0.4265625 0.3218750000000001 0.5234375 0.34062500000000007 0.5234375
2 0.6578125 0.46875 0.6390625 0.46875 0.6390625 0.5703125 0.6578125 0.5703125
0 0.25781250000000006 0.359375 0.25 0.359375 0.25000000000000006 0.3765625 0.2578125000000001 0.3765625
2 0.30937500000000007 0.3046875 0.2890625 0.3046875 0.28906250000000006 0.39375 0.30937500000000007 0.39375
2 0.7625000000000001 0.6796875000000002 0.7421875 0.6796875000000002 0.7421875000000001 0.7937500000000002 0.7625000000000002 0.7937500000000002
2 0.24218750000000006 0.2890625 0.2234375 0.2890625 0.22343750000000004 0.375 0.24218750000000008 0.375
2 0.6375 0.3437500000000001 0.6203125 0.3437500000000001 0.6203125 0.4328125 0.6375 0.4328125
2 0.2406250000000001 0.6984375 0.2171875000000001 0.6984375 0.2171875000000001 0.81875 0.2406250000000001 0.81875
2 0.484375 0.20468750000000008 0.4625 0.20468750000000008 0.4625 0.2921875000000001 0.484375 0.2921875000000001
2 0.5859375 0.2406250000000001 0.5671875 0.2406250000000001 0.5671875 0.3218750000000001 0.5859375 0.3218750000000001
2 0.6015625 0.3187500000000001 0.5859375 0.3187500000000001 0.5859375 0.409375 0.6015625 0.409375
2 0.3984375000000001 0.4640625 0.3750000000000001 0.4640625 0.3750000000000001 0.56875 0.3984375000000001 0.56875
2 0.975 0.4890625000000002 0.95 0.4890625000000002 0.95 0.6031250000000001 0.975 0.6031250000000001
2 0.84375 0.4109375000000002 0.8265625 0.4109375000000002 0.8265625 0.5062500000000002 0.84375 0.5062500000000002
2 0.9515625 0.4812500000000002 0.9171875 0.4812500000000002 0.9171875 0.5890625000000002 0.9515625 0.5890625000000002
2 0.8640625 0.4046875000000002 0.846875 0.4046875000000002 0.846875 0.5093750000000001 0.8640625 0.5093750000000001