2 0.4515625 0.3578125000000001 0.4265625 0.3578125000000001 0.4265625 0.4359375 0.4515625 0.4359375
2 0.875 0.8 0.85 0.8 0.85 0.925 0.875 0.925
2 0.71875 0.4875 0.6984375 0.4875 0.6984375 0.5890625 0.71875 0.5890625
2 0.13750000000000004 0.4140625 0.11875000000000005 0.4140625 0.11875000000000005 0.5046875 0.13750000000000004 0.5046875
2 0.78125 0.5687500000000002 0.75 0.5687500000000002 0.75 0.6843750000000002 0.78125 0.6843750000000002
2 0.771875 0.48437500000000017 0.75 0.48437500000000017 0.75 0.5828125000000002 0.771875 0.5828125000000002
2 0.30312500000000003 0.309375 0.26875 0.309375 0.26875000000000004 0.384375 0.3031250000000001 0.384375
2 0.6031250000000001 0.6234375 0.58125 0.6234375 0.58125 0.7375 0.6031250000000001 0.7375
2 0.4125 0.2484375000000001 0.3859375 0.2484375000000001 0.3859375 0.3265625000000001 0.4125 0.3265625000000001
3 0.4265625 0.4171875 0.403125 0.4171875 0.403125 0.5171875 0.4265625 0.5171875
1 0.34062500000000007 0.3640625 0.3312500000000001 0.3640625 0.3312500000000001 0.3875 0.34062500000000007 0.3875
2 0.353125 0.3 0.3375 0.3 0.3375 0.378125 0.3531250000000001 0.378125
2 0.2140625000000001 0.6296875 0.1937500000000001 0.6296875 0.1937500000000001 0.7390625 0.2140625000000001 0.7390625
2 0.4546875 0.459375 0.4359375 0.459375 0.4359375 0.559375 0.4546875 0.559375
2 0.3640625 0.23437500000000006 0.3421875 0.234375 0.3421875 0.31093750000000003 0.3640625 0.3109375000000001
2 0.3375000000000001 0.6609375 0.3156250000000001 0.6609375 0.3156250000000001 0.7703125 0.3375000000000001 0.7703125
2 0.815625 0.6468750000000002 0.79375 0.6468750000000002 0.7937500000000001 0.7640625000000002 0.815625 0.7640625000000002
2 0.39843750000000006 0.3109375000000001 0.3734375 0.3109375000000001 0.37343750000000003 0.3703125000000001 0.3984375000000001 0.3703125000000001