2 0.5796875000000001 0.6453125 0.5578125 0.6453125 0.5578125 0.7609375 0.5796875000000001 0.7609375
2 0.3937500000000001 0.5859375 0.37187500000000007 0.5859375 0.37187500000000007 0.6984375 0.3937500000000001 0.6984375
2 0.5000000000000002 0.7921875 0.46875000000000017 0.7921875 0.46875000000000017 0.903125 0.5000000000000002 0.903125
2 0.3078125000000001 0.6890625 0.2765625000000001 0.6890625 0.2765625000000001 0.78125 0.3078125000000001 0.78125
3 0.9390625 0.5828125000000002 0.90625 0.5828125000000002 0.90625 0.6812500000000001 0.9390625 0.6812500000000001
2 0.5140625 0.575 0.4828125 0.575 0.4828125 0.6765625 0.5140625 0.6765625
2 0.8078125 0.5296875000000002 0.7859375 0.5296875000000002 0.7859375 0.6265625000000001 0.8078125 0.6265625000000001
2 0.7234375 0.478125 0.6984375 0.478125 0.6984375 0.58125 0.7234375 0.58125
2 0.6609375 0.4578125 0.6390625 0.4578125 0.6390625 0.5484375 0.6609375 0.5484375
1 0.24218750000000008 0.54375 0.2156250000000001 0.54375 0.2156250000000001 0.640625 0.24218750000000008 0.640625
2 0.6671875 0.3515625000000001 0.646875 0.3515625000000001 0.646875 0.440625 0.6671875 0.440625
2 0.86875 0.6234375000000002 0.846875 0.6234375000000002 0.846875 0.7328125000000002 0.86875 0.7328125000000002
2 0.4890625 0.5953125 0.4671875 0.5953125 0.4671875 0.6984375 0.4890625 0.6984375
0 0.428125 0.5625 0.4046875 0.5625 0.4046875 0.6 0.428125 0.6
3 0.7421875 0.2609375000000001 0.7125 0.2609375000000001 0.7125 0.36406250000000007 0.7421875 0.36406250000000007
2 0.43125 0.4171875 0.4046875 0.4171875 0.4046875 0.53125 0.43125 0.53125
2 0.9953125 0.3843750000000001 0.959375 0.3843750000000001 0.959375 0.49218750000000017 0.9953125 0.49218750000000017
2 0.75 0.41875000000000007 0.7171875 0.41875 0.7171875 0.5296875000000001 0.75 0.5296875000000002