2 0.6296875 0.54375 0.6015625 0.54375 0.6015625 0.6359375 0.6296875 0.6359375
2 0.753125 0.6718750000000001 0.71875 0.671875 0.7187500000000001 0.7859375000000001 0.7531250000000002 0.7859375000000002
2 0.33281250000000007 0.5671875 0.2921875000000001 0.5671875 0.2921875000000001 0.6640625 0.33281250000000007 0.6640625
2 0.2468750000000001 0.621875 0.2171875000000001 0.621875 0.2171875000000001 0.73125 0.2468750000000001 0.73125
2 0.51875 0.3312500000000001 0.490625 0.3312500000000001 0.490625 0.4015625 0.51875 0.4015625
2 0.5640625 0.34062500000000007 0.5359375 0.34062500000000007 0.5359375 0.4109375 0.5640625 0.4109375
2 0.9328125 0.4781250000000002 0.9015625 0.4781250000000002 0.9015625 0.5671875000000002 0.9328125 0.5671875000000002
2 0.3296875000000001 0.6796875 0.3062500000000001 0.6796875 0.3062500000000001 0.7921875 0.3296875000000001 0.7921875
2 0.8 0.909375 0.7750000000000001 0.909375 0.7750000000000001 0.9984375 0.8 0.9984375
1 0.10156250000000008 0.5515625 0.06718750000000007 0.5515625 0.06718750000000008 0.6609375 0.10156250000000008 0.6609375
2 0.3312500000000001 0.509375 0.3031250000000001 0.509375 0.3031250000000001 0.6109375 0.3312500000000001 0.6109375
2 0.20312500000000008 0.721875 0.1828125000000001 0.721875 0.1828125000000001 0.8328125 0.20312500000000008 0.8328125
2 0.41875 0.5484375 0.3968750000000001 0.5484375 0.3968750000000001 0.6359375 0.41875 0.6359375
2 0.8328125 0.3421875000000001 0.8109375 0.3421875000000001 0.8109375 0.4125000000000002 0.8328125 0.4125000000000002
2 0.5546875 0.4796875 0.5296875 0.4796875 0.5296875 0.5765625 0.5546875 0.5765625
3 0.7546875 0.5359375000000002 0.73125 0.5359375000000002 0.73125 0.6359375000000002 0.7546875 0.6359375000000002
0 0.4046875 0.3734375000000001 0.3937500000000001 0.3734375000000001 0.3937500000000001 0.4015625 0.4046875 0.4015625
2 0.459375 0.3156250000000001 0.428125 0.3156250000000001 0.428125 0.38750000000000007 0.459375 0.38750000000000007
3 0.5 0.2656250000000001 0.4671875 0.2656250000000001 0.4671875 0.3609375000000001 0.5 0.3609375000000001
2 0.5140625 0.2906250000000001 0.490625 0.2906250000000001 0.490625 0.3609375000000001 0.5140625 0.3609375000000001