2 0.8625 0.7640625000000002 0.834375 0.7640625000000002 0.834375 0.8890625 0.8625 0.8890625
2 0.2296875000000001 0.621875 0.2062500000000001 0.621875 0.2062500000000001 0.7296875 0.2296875000000001 0.7296875
2 0.15312500000000004 0.4078125 0.12968750000000004 0.4078125 0.12968750000000004 0.49375 0.15312500000000004 0.49375
2 0.6171875000000001 0.6140625 0.5921875 0.6140625 0.5921875000000001 0.7265625 0.6171875000000002 0.7265625
2 0.3078125 0.2328125 0.2890625 0.2328125 0.2890625 0.315625 0.3078125 0.315625
2 0.3546875000000001 0.65 0.3359375000000001 0.65 0.3359375000000001 0.75625 0.3546875000000001 0.75625
2 0.465625 0.4515625 0.44375 0.4515625 0.44375 0.5515625 0.465625 0.5515625
2 0.746875 0.4750000000000001 0.725 0.475 0.725 0.5796875000000001 0.746875 0.5796875000000001
3 0.4015625 0.4078125 0.37968750000000007 0.4078125 0.37968750000000007 0.50625 0.4015625 0.50625
2 0.4390625 0.3531250000000001 0.4109375 0.3531250000000001 0.4109375 0.4359375 0.4390625 0.4359375
2 0.31718750000000007 0.3078125 0.2875 0.3078125 0.28750000000000003 0.3734375 0.31718750000000007 0.3734375
2 0.7078125 0.478125 0.6875 0.478125 0.6875 0.5765625 0.7078125 0.5765625
2 0.7906250000000001 0.6421875000000001 0.771875 0.6421875000000001 0.7718750000000001 0.7593750000000001 0.7906250000000001 0.7593750000000001
2 0.7515625 0.5687500000000002 0.7265625 0.5687500000000002 0.7265625 0.6843750000000002 0.7515625 0.6843750000000002
2 0.37031250000000004 0.31562500000000004 0.328125 0.315625 0.32812500000000006 0.39375000000000004 0.3703125000000001 0.3937500000000001
2 0.359375 0.3 0.3296875 0.3 0.3296875 0.3625 0.359375 0.3625
2 0.3609375 0.2515625 0.334375 0.2515625 0.334375 0.31875 0.3609375 0.31875