2 0.30156250000000007 0.4234375 0.2671875000000001 0.4234375 0.2671875000000001 0.53125 0.30156250000000007 0.53125
2 0.2078125000000001 0.4984375 0.17031250000000003 0.4984375 0.17031250000000006 0.60625 0.2078125000000001 0.60625
2 0.6046875 0.09687500000000007 0.5859375 0.09687500000000007 0.5859375 0.1828125000000001 0.6046875 0.1828125000000001
2 0.4609375 0.3234375000000001 0.4375 0.3234375000000001 0.4375 0.421875 0.4609375 0.421875
2 0.06875000000000006 0.359375 0.04062500000000004 0.359375 0.04062500000000005 0.4671875 0.06875000000000006 0.4671875
2 0.3359375000000001 0.43125 0.3109375000000001 0.43125 0.3109375000000001 0.540625 0.3359375000000001 0.540625
2 0.39531250000000007 0.521875 0.3750000000000001 0.521875 0.3750000000000001 0.6234375 0.39531250000000007 0.6234375
2 0.2234375 0.265625 0.2015625 0.265625 0.2015625 0.3625 0.2234375 0.3625
2 0.9234375 0.5156250000000002 0.8953125 0.5156250000000002 0.8953125 0.6312500000000002 0.9234375 0.6312500000000002
2 0.7109375 0.51875 0.6859375 0.51875 0.6859375 0.634375 0.7109375 0.634375
2 0.6171875 0.2000000000000001 0.5984375 0.2000000000000001 0.5984375 0.29375000000000007 0.6171875 0.29375000000000007
2 0.884375 0.3515625000000001 0.865625 0.3515625000000001 0.865625 0.4578125000000002 0.884375 0.4578125000000002
2 0.8546875 0.3296875000000001 0.8328125 0.3296875000000001 0.8328125 0.4281250000000002 0.8546875 0.4281250000000002
2 0.9890625 0.4906250000000002 0.9578125 0.4906250000000002 0.9578125 0.6062500000000002 0.9890625 0.6062500000000002
3 0.7375 0.3421875000000001 0.709375 0.3421875000000001 0.709375 0.4515625000000001 0.7375 0.4515625000000002
2 0.7953125 0.2828125000000001 0.775 0.2828125000000001 0.775 0.3734375000000001 0.7953125 0.3734375000000001
2 0.7203125 0.3687500000000001 0.6921875 0.3687500000000001 0.6921875 0.4765625 0.7203125 0.4765625
2 0.746875 0.28593750000000007 0.728125 0.28593750000000007 0.728125 0.3781250000000001 0.746875 0.3781250000000001