2 0.5796875 0.4984375 0.553125 0.4984375 0.553125 0.609375 0.5796875 0.609375
2 0.14218750000000005 0.2796875 0.11250000000000004 0.2796875 0.11250000000000004 0.3640625 0.14218750000000005 0.3640625
2 0.4796875 0.446875 0.4546875 0.446875 0.4546875 0.5484375 0.4796875 0.5484375
2 0.5140625 0.409375 0.4890625 0.409375 0.4890625 0.4984375 0.5140625 0.4984375
1 0.8125 0.41718750000000016 0.7921875 0.41718750000000016 0.7921875 0.5296875000000002 0.8125 0.5296875000000002
2 0.6062500000000001 0.65625 0.5828125 0.65625 0.5828125000000001 0.775 0.6062500000000002 0.775
2 0.1937500000000001 0.5921875 0.1671875000000001 0.5921875 0.1671875000000001 0.6984375 0.1937500000000001 0.6984375
2 0.3000000000000001 0.4046875 0.2812500000000001 0.4046875 0.2812500000000001 0.5015625 0.3000000000000001 0.5015625
3 0.16562500000000005 0.365625 0.14687500000000003 0.365625 0.14687500000000003 0.4625 0.16562500000000005 0.4625
2 0.6484375 0.5734375 0.6234375 0.5734375 0.6234375 0.684375 0.6484375 0.684375
2 0.48125 0.51875 0.4546875 0.51875 0.4546875 0.6296875 0.48125 0.6296875
2 0.26562500000000006 0.3296875 0.2453125 0.3296875 0.24531250000000004 0.4171875 0.2656250000000001 0.4171875
2 0.04062500000000005 0.3484375 0.026562500000000044 0.3484375 0.02656250000000005 0.44375 0.04062500000000006 0.44375
2 0.275 0.24375 0.2546875 0.24375 0.2546875 0.3078125 0.275 0.3078125
2 0.303125 0.25 0.2609375 0.25 0.2609375 0.3125 0.303125 0.3125
0 0.2515625 0.296875 0.2390625 0.296875 0.2390625 0.315625 0.2515625 0.315625