2 0.4890625 0.5078125 0.4578125 0.5078125 0.4578125 0.6078125 0.4890625 0.6078125
2 0.3109375000000001 0.709375 0.2765625000000001 0.709375 0.2765625000000001 0.821875 0.3109375000000001 0.821875
2 0.3500000000000001 0.3640625 0.3125000000000001 0.3640625 0.3125000000000001 0.4578125 0.3500000000000001 0.4578125
3 0.7453125 0.58125 0.709375 0.58125 0.709375 0.6890625000000001 0.7453125 0.6890625000000001
2 0.7000000000000001 0.69375 0.66875 0.69375 0.6687500000000001 0.80625 0.7000000000000002 0.80625
0 0.453125 0.38750000000000007 0.4421875 0.38750000000000007 0.4421875 0.4125 0.453125 0.4125
2 0.4828125 0.3234375000000001 0.4515625 0.3234375000000001 0.4515625 0.4015625 0.4828125 0.4015625
2 0.8109375 0.3421875000000001 0.775 0.3421875000000001 0.775 0.42968750000000017 0.8109375 0.42968750000000017
2 0.2531250000000001 0.53125 0.22656250000000008 0.53125 0.22656250000000008 0.6375 0.2531250000000001 0.6375
3 0.4484375 0.24375000000000008 0.4234375 0.24375000000000008 0.4234375 0.3234375000000001 0.4484375 0.3234375000000001
2 0.2468750000000001 0.5671875 0.21250000000000008 0.5671875 0.21250000000000008 0.6703125 0.2468750000000001 0.6703125