2 0.265625 0.26875 0.2390625 0.26875 0.2390625 0.3390625 0.265625 0.3390625
2 0.6046875 0.27031250000000007 0.5765625 0.27031250000000007 0.5765625 0.34062500000000007 0.6046875 0.34062500000000007
2 0.34062500000000007 0.4421875 0.3187500000000001 0.4421875 0.3187500000000001 0.540625 0.34062500000000007 0.540625
2 0.540625 0.5609375 0.51875 0.5609375 0.51875 0.6734375 0.540625 0.6734375
2 0.19687500000000008 0.665625 0.1703125000000001 0.665625 0.1703125000000001 0.76875 0.19687500000000008 0.76875
2 0.546875 0.22812500000000008 0.525 0.22812500000000008 0.525 0.2812500000000001 0.546875 0.2812500000000001
2 0.5734375 0.21093750000000008 0.5546875 0.21093750000000008 0.5546875 0.2843750000000001 0.5734375 0.2843750000000001
2 0.590625 0.3984375000000001 0.5703125 0.3984375000000001 0.5703125 0.490625 0.590625 0.490625
2 0.05000000000000008 0.6328125 0.02187500000000008 0.6328125 0.021875000000000082 0.746875 0.050000000000000086 0.746875
2 0.08125000000000006 0.4 0.06250000000000004 0.4 0.06250000000000006 0.49375 0.08125000000000007 0.49375
2 0.353125 0.3453125 0.3359375 0.3453125 0.33593750000000006 0.428125 0.3531250000000001 0.428125
2 0.6734375 0.521875 0.6484375 0.521875 0.6484375 0.63125 0.6734375 0.63125
3 0.2140625000000001 0.3671875 0.19218750000000004 0.3671875 0.19218750000000004 0.4640625 0.2140625000000001 0.4640625
2 0.6093750000000001 0.6375 0.584375 0.6375 0.5843750000000001 0.7515625 0.6093750000000002 0.7515625
2 0.06093750000000003 0.2578125 0.03750000000000003 0.2578125 0.03750000000000004 0.34375 0.06093750000000005 0.34375
1 0.940625 0.40625000000000017 0.91875 0.40625000000000017 0.91875 0.5156250000000002 0.940625 0.5156250000000002
2 0.5109375000000002 0.7265625 0.49531250000000016 0.7265625 0.49531250000000016 0.8453125 0.5109375000000002 0.8453125
2 0.634375 0.428125 0.609375 0.428125 0.609375 0.53125 0.634375 0.53125