2 0.22812500000000008 0.703125 0.19687500000000008 0.703125 0.19687500000000008 0.8203125 0.22812500000000008 0.8203125
2 0.3218750000000001 0.4234375 0.3031250000000001 0.4234375 0.3031250000000001 0.51875 0.3218750000000001 0.51875
2 0.971875 0.4968750000000002 0.940625 0.4968750000000002 0.940625 0.6062500000000002 0.971875 0.6062500000000002
2 0.3750000000000001 0.4578125 0.35625000000000007 0.4578125 0.35625000000000007 0.55625 0.3750000000000001 0.55625
2 0.31718750000000007 0.2984375 0.296875 0.2984375 0.29687500000000006 0.384375 0.31718750000000007 0.384375
3 0.6828125 0.3781250000000001 0.659375 0.3781250000000001 0.659375 0.478125 0.6828125 0.478125
2 0.6328125 0.34062500000000007 0.615625 0.34062500000000007 0.615625 0.421875 0.6328125 0.421875
2 0.6625 0.4734375 0.6421875 0.4734375 0.6421875 0.575 0.6625 0.575
2 0.26093750000000004 0.3 0.228125 0.3 0.22812500000000005 0.3734375 0.2609375000000001 0.3734375
2 0.7625000000000001 0.6843750000000002 0.7421875 0.6843750000000002 0.7421875000000001 0.7968750000000002 0.7625000000000002 0.7968750000000002
2 0.55625 0.27031250000000007 0.534375 0.27031250000000007 0.534375 0.3343750000000001 0.55625 0.3343750000000001
2 0.440625 0.2140625000000001 0.4234375 0.2140625000000001 0.4234375 0.3031250000000001 0.440625 0.3031250000000001
2 0.8296875 0.4234375000000002 0.815625 0.4234375000000002 0.815625 0.5234375000000002 0.8296875 0.5234375000000002
2 0.59375 0.30937500000000007 0.58125 0.30937500000000007 0.58125 0.39531250000000007 0.59375 0.39531250000000007
2 0.853125 0.4109375000000002 0.8359375 0.4109375000000002 0.8359375 0.5156250000000002 0.853125 0.5156250000000002
2 0.925 0.48750000000000016 0.903125 0.48750000000000016 0.903125 0.5953125000000001 0.925 0.5953125000000001
0 0.3203125 0.3359375 0.309375 0.3359375 0.309375 0.3625 0.3203125 0.3625