0 0.659375 0.3703125000000001 0.65 0.3703125000000001 0.65 0.3812500000000001 0.659375 0.3812500000000001
2 0.25312500000000004 0.2765625 0.221875 0.2765625 0.22187500000000004 0.371875 0.2531250000000001 0.371875
2 0.834375 0.34062500000000007 0.8109375 0.34062500000000007 0.8109375 0.4312500000000002 0.834375 0.4312500000000002
2 0.3890625000000001 0.4640625 0.36406250000000007 0.4640625 0.36406250000000007 0.5640625 0.3890625000000001 0.5640625
2 0.2484375000000001 0.6796875 0.2218750000000001 0.6796875 0.2218750000000001 0.7953125 0.2484375000000001 0.7953125
2 0.58125 0.3203125000000001 0.553125 0.3203125000000001 0.553125 0.409375 0.58125 0.409375
2 0.6078125 0.521875 0.5796875 0.521875 0.5796875 0.63125 0.6078125 0.63125
2 0.509375 0.4953125 0.4875 0.4953125 0.4875 0.603125 0.509375 0.603125
2 0.7953125 0.2390625000000001 0.7703125 0.2390625000000001 0.7703125 0.31718750000000007 0.7953125 0.31718750000000007
2 0.32031250000000006 0.2828125 0.296875 0.2828125 0.29687500000000006 0.375 0.3203125000000001 0.375
2 0.3453125 0.19531250000000006 0.3296875 0.19531250000000006 0.3296875 0.2765625 0.3453125 0.2765625
2 0.60625 0.2515625000000001 0.5828125 0.2515625000000001 0.5828125 0.3296875000000001 0.60625 0.3296875000000001
2 0.484375 0.16875000000000004 0.4625 0.16875000000000004 0.4625 0.2500000000000001 0.484375 0.2500000000000001
3 0.07031250000000003 0.1421875 0.043750000000000025 0.1421875 0.043750000000000025 0.225 0.07031250000000003 0.225
3 0.2765625000000001 0.4203125 0.2531250000000001 0.4203125 0.2531250000000001 0.525 0.2765625000000001 0.525
2 0.615625 0.3218750000000001 0.6 0.3218750000000001 0.6 0.40625 0.615625 0.40625
2 0.5187500000000002 0.9265625 0.48750000000000016 0.9265625 0.48750000000000016 1 0.5187500000000002 1