3 0.73125 0.55 0.7015625 0.55 0.7015625 0.659375 0.73125 0.6593750000000002
0 0.4765625 0.4171875 0.465625 0.4171875 0.465625 0.440625 0.4765625 0.440625
2 0.5 0.3453125000000001 0.465625 0.3453125000000001 0.465625 0.434375 0.5 0.434375
2 0.4140625 0.4484375 0.38750000000000007 0.4484375 0.38750000000000007 0.5453125 0.4140625 0.5453125
2 0.27812500000000007 0.6453125 0.2453125000000001 0.6453125 0.2453125000000001 0.7578125 0.27812500000000007 0.7578125
2 0.421875 0.37187500000000007 0.3906250000000001 0.37187500000000007 0.3906250000000001 0.4609375 0.421875 0.4609375
2 0.8125 0.3671875000000001 0.778125 0.3671875000000001 0.778125 0.4546875000000002 0.8125 0.4546875000000002
2 0.6921875000000001 0.6765625 0.6671875 0.6765625 0.6671875 0.784375 0.6921875000000002 0.784375
3 0.4875 0.2375000000000001 0.46875 0.2375000000000001 0.46875 0.3156250000000001 0.4875 0.3156250000000001
2 0.21875000000000008 0.5765625 0.17968750000000008 0.5765625 0.17968750000000008 0.69375 0.21875000000000008 0.69375
2 0.21093750000000008 0.5234375 0.18437500000000004 0.5234375 0.18437500000000007 0.60625 0.21093750000000008 0.60625