0 0.7328125 0.49687500000000007 0.7203125 0.496875 0.7203125 0.5109375 0.7328125 0.5109375000000002
2 0.9578125 0.5296875000000002 0.9171875 0.5296875000000002 0.9171875 0.6281250000000002 0.9578125 0.6281250000000002
3 0.71875 0.5890625 0.6875 0.5890625 0.6875 0.7 0.71875 0.7
2 0.39531250000000007 0.5390625 0.3671875000000001 0.5390625 0.3671875000000001 0.65 0.39531250000000007 0.65
2 0.6828125 0.409375 0.6328125 0.409375 0.6328125 0.5 0.6828125 0.5
3 0.79375 0.0984375000000001 0.7640625 0.0984375000000001 0.7640625 0.1828125000000001 0.79375 0.1828125000000001
2 0.559375 0.3218750000000001 0.5296875 0.3218750000000001 0.5296875 0.4171875 0.559375 0.4171875
2 0.4921875 0.4625 0.4671875 0.4625 0.4671875 0.56875 0.4921875 0.56875
2 0.5375 0.4296875 0.515625 0.4296875 0.515625 0.5296875 0.5375 0.5296875
1 0.12343750000000005 0.3515625 0.10156250000000004 0.3515625 0.10156250000000004 0.4546875 0.12343750000000005 0.4546875
2 0.634375 0.4515625 0.6125 0.4515625 0.6125 0.5578125 0.634375 0.5578125
2 0.2140625000000001 0.5203125 0.19218750000000004 0.5203125 0.19218750000000007 0.6359375 0.2140625000000001 0.6359375
2 0.7046875 0.4421875 0.6734375 0.4421875 0.6734375 0.53125 0.7046875 0.53125
2 1 0.40156250000000016 0.975 0.40156250000000016 0.975 0.4750000000000002 1 0.4750000000000002