0 0.3468750000000001 0.8046875 0.3375000000000001 0.8046875 0.3375000000000001 0.8234375 0.3468750000000001 0.8234375
2 0.3296875000000001 0.7203125 0.3031250000000001 0.7203125 0.3031250000000001 0.8421875 0.3296875000000001 0.8421875
2 0.475 0.3296875000000001 0.453125 0.3296875000000001 0.453125 0.4203125 0.475 0.4203125
2 0.6109375 0.44375 0.58125 0.44375 0.58125 0.553125 0.6109375 0.553125
2 0.10468750000000004 0.234375 0.06718750000000002 0.234375 0.06718750000000004 0.321875 0.10468750000000004 0.321875
2 0.8765625 0.7046875000000001 0.8375 0.7046875000000001 0.8375 0.828125 0.8765625 0.828125
2 0.453125 0.4546875 0.41875 0.4546875 0.41875 0.55 0.453125 0.55
2 0.609375 0.56875 0.584375 0.56875 0.584375 0.6796875 0.609375 0.6796875
2 0.6453125000000001 0.721875 0.6046875 0.721875 0.6046875 0.85 0.6453125000000002 0.85
2 0.3968750000000001 0.7703125 0.3734375000000001 0.7703125 0.3734375000000001 0.890625 0.3968750000000001 0.890625
2 0.675 0.7109375 0.63125 0.7109375 0.6312500000000001 0.83125 0.6750000000000002 0.83125
3 0.023437500000000076 0.6078125 7.443556326067507e-17 0.6078125 7.883663769511087e-17 0.6796875 0.023437500000000083 0.6796875
2 0.9 0.7375000000000002 0.85625 0.7375000000000002 0.85625 0.7906250000000001 0.9 0.7906250000000001