2 0.27031250000000007 0.49375 0.25468750000000007 0.49375 0.25468750000000007 0.521875 0.27031250000000007 0.521875
2 0.2812500000000001 0.4125 0.2531250000000001 0.4125 0.2531250000000001 0.5140625 0.2812500000000001 0.5140625
2 0.478125 0.3125000000000001 0.4578125 0.3125000000000001 0.4578125 0.40625 0.478125 0.40625
2 0.5828125 0.10156250000000008 0.5625 0.10156250000000008 0.5625 0.1859375000000001 0.5828125 0.1859375000000001
2 0.17500000000000004 0.26875 0.15312500000000004 0.26875 0.15312500000000004 0.3640625 0.17500000000000004 0.3640625
2 0.915625 0.5187500000000002 0.890625 0.5187500000000002 0.890625 0.6375000000000002 0.915625 0.6375000000000002
2 0.959375 0.4703125000000002 0.9375 0.4703125000000002 0.9375 0.5890625000000002 0.959375 0.5890625000000002
2 0.3375000000000001 0.403125 0.3187500000000001 0.403125 0.3187500000000001 0.509375 0.3375000000000001 0.509375
2 0.3781250000000001 0.4984375 0.3578125000000001 0.4984375 0.3578125000000001 0.6 0.3781250000000001 0.6
2 0.7515625 0.2796875000000001 0.7296875 0.2796875000000001 0.7296875 0.3687500000000001 0.7515625 0.3687500000000001
2 0.80625 0.3281250000000001 0.78125 0.3281250000000001 0.78125 0.4234375000000002 0.80625 0.4234375000000002
2 0.04375000000000005 0.3703125 0.021875000000000044 0.3703125 0.021875000000000054 0.4796875 0.04375000000000005 0.4796875
3 0.6890625 0.33281250000000007 0.6671875 0.33281250000000007 0.6671875 0.4328125 0.6890625 0.4328125
2 0.5671875 0.2015625000000001 0.5515625 0.2015625000000001 0.5515625 0.2921875000000001 0.5671875 0.2921875000000001
2 0.828125 0.34843750000000007 0.80625 0.34843750000000007 0.80625 0.4515625000000002 0.828125 0.4515625000000002
2 0.6671875 0.35625000000000007 0.65 0.35625000000000007 0.65 0.4515625 0.6671875 0.4515625
2 0.6890625 0.2812500000000001 0.6671875 0.2812500000000001 0.6671875 0.34843750000000007 0.6890625 0.34843750000000007
2 0.7234375 0.5125 0.703125 0.5125 0.703125 0.625 0.7234375 0.625
2 0.2062500000000001 0.48125 0.18593750000000003 0.48125 0.18593750000000006 0.5875 0.2062500000000001 0.5875