2 0.6078125000000001 0.696875 0.5609375 0.696875 0.5609375000000001 0.8234375 0.6078125000000002 0.8234375
2 0.54375 0.4734375 0.5109375 0.4734375 0.5109375 0.571875 0.54375 0.571875
2 0.5703125 0.2406250000000001 0.5453125 0.2406250000000001 0.5453125 0.3203125000000001 0.5703125 0.3203125000000001
2 0.2468750000000001 0.4875 0.21875000000000008 0.4875 0.21875000000000008 0.584375 0.2468750000000001 0.584375
2 0.234375 0.18437500000000004 0.20625 0.18437500000000004 0.20625 0.26875 0.234375 0.26875
2 0.3421875000000001 0.521875 0.3203125000000001 0.521875 0.3203125000000001 0.621875 0.3421875000000001 0.621875
2 0.9046875 0.4625000000000002 0.875 0.4625000000000002 0.875 0.5640625000000001 0.9046875 0.5640625000000001
2 0.953125 0.4343750000000002 0.91875 0.4343750000000002 0.91875 0.5375000000000002 0.953125 0.5375000000000002
2 0.8953125 0.5750000000000002 0.8578125 0.5750000000000002 0.8578125 0.6781250000000002 0.8953125 0.6781250000000002
2 0.828125 0.3062500000000001 0.78125 0.3062500000000001 0.78125 0.40156250000000016 0.828125 0.40156250000000016
2 0.8328125 0.3312500000000001 0.8046875 0.3312500000000001 0.8046875 0.42500000000000016 0.8328125 0.42500000000000016
0 0.3750000000000001 0.640625 0.3578125000000001 0.640625 0.3578125000000001 0.6609375 0.3750000000000001 0.6609375