3 0.5078125 0.3437500000000001 0.4875 0.3437500000000001 0.4875 0.4390625 0.5078125 0.4390625
2 0.471875 0.3265625000000001 0.4390625 0.3265625000000001 0.4390625 0.4171875 0.471875 0.4171875
2 0.5390625 0.4265625 0.51875 0.4265625 0.51875 0.525 0.5390625 0.525
2 0.07968750000000005 0.3578125 0.059375000000000046 0.3578125 0.059375000000000046 0.4484375 0.07968750000000005 0.4484375
2 0.35625000000000007 0.2953125 0.3375 0.2953125 0.3375 0.3859375 0.35625000000000007 0.3859375
2 0.478125 0.2593750000000001 0.4515625 0.2593750000000001 0.4515625 0.33281250000000007 0.478125 0.33281250000000007
2 0.54375 0.2484375000000001 0.51875 0.2484375000000001 0.51875 0.3265625000000001 0.54375 0.3265625000000001
2 0.26875000000000004 0.346875 0.246875 0.346875 0.24687500000000004 0.4421875 0.2687500000000001 0.4421875
2 0.671875 0.496875 0.653125 0.496875 0.653125 0.60625 0.671875 0.60625
2 0.6578125 0.415625 0.6390625 0.415625 0.6390625 0.5140625 0.6578125 0.5140625
2 0.7703125 0.4890625000000002 0.740625 0.4890625000000002 0.740625 0.5984375000000002 0.7703125 0.5984375000000002
2 0.715625 0.39531250000000007 0.696875 0.39531250000000007 0.696875 0.4953125 0.715625 0.4953125
2 0.2484375 0.2296875 0.2296875 0.2296875 0.2296875 0.3125 0.2484375 0.3125
2 0.55 0.6328125 0.5265625 0.6328125 0.5265625 0.740625 0.5500000000000002 0.740625
2 0.0390625000000001 0.6890625 0.015625000000000083 0.6890625 0.01562500000000009 0.809375 0.0390625000000001 0.809375
2 0.846875 0.6125000000000002 0.8234375 0.6125000000000002 0.8234375 0.7281250000000001 0.846875 0.7281250000000001
2 0.515625 0.2875000000000001 0.5 0.2875000000000001 0.5 0.3687500000000001 0.515625 0.3687500000000001
0 0.2515625 0.296875 0.2421875 0.296875 0.2421875 0.315625 0.2515625 0.315625