0 0.4359375000000002 0.75 0.4265625000000002 0.75 0.4265625000000002 0.76875 0.4359375000000002 0.76875
2 0.4921875000000001 0.675 0.459375 0.675 0.4593750000000001 0.8109375 0.49218750000000017 0.8109375
2 0.2531250000000001 0.459375 0.2093750000000001 0.459375 0.2093750000000001 0.56875 0.2531250000000001 0.56875
2 0.3078125000000001 0.478125 0.2750000000000001 0.478125 0.2750000000000001 0.575 0.3078125000000001 0.575
2 0.09531250000000002 0.1203125 0.07031250000000003 0.1203125 0.07031250000000003 0.1921875 0.09531250000000002 0.1921875
2 0.75 0.5671875000000001 0.7140625 0.5671875 0.7140625 0.6828125 0.75 0.6828125000000002
2 0.4671875 0.17343750000000005 0.434375 0.17343750000000005 0.434375 0.2593750000000001 0.4671875 0.2593750000000001
2 0.8546875 0.36406250000000007 0.8234375 0.36406250000000007 0.8234375 0.4671875000000002 0.8546875 0.4671875000000002
2 0.4484375 0.434375 0.4203125 0.434375 0.4203125 0.540625 0.4484375 0.540625
2 0.8015625 0.4000000000000002 0.778125 0.4000000000000002 0.778125 0.49218750000000017 0.8015625 0.49218750000000017
2 0.73125 0.2531250000000001 0.696875 0.2531250000000001 0.696875 0.35625000000000007 0.73125 0.35625000000000007
2 0.696875 0.2718750000000001 0.66875 0.2718750000000001 0.66875 0.3671875000000001 0.696875 0.3671875000000001