2 0.5312500000000001 0.6578125 0.509375 0.6578125 0.5093750000000001 0.76875 0.5312500000000002 0.76875
2 0.10312500000000005 0.4375 0.08125000000000004 0.4375 0.08125000000000006 0.5359375 0.10312500000000005 0.5359375
2 0.3656250000000001 0.7734375 0.34062500000000007 0.7734375 0.34062500000000007 0.8890625 0.3656250000000001 0.8890625
2 0.8375 0.4734375000000002 0.809375 0.4734375000000002 0.809375 0.5718750000000001 0.8375 0.5718750000000001
2 0.2328125000000001 0.5265625 0.2078125000000001 0.5265625 0.2078125000000001 0.625 0.2328125000000001 0.625
2 0.7187500000000001 0.621875 0.69375 0.621875 0.6937500000000001 0.7296875 0.7187500000000002 0.7296875
2 0.821875 0.5625000000000002 0.790625 0.5625000000000002 0.790625 0.6656250000000001 0.821875 0.6656250000000001
2 0.6703125 0.3437500000000001 0.65 0.3437500000000001 0.65 0.4296875 0.6703125 0.4296875
2 0.4765625 0.45625 0.4546875 0.45625 0.4546875 0.553125 0.4765625 0.553125
2 0.890625 0.5687500000000002 0.8625 0.5687500000000002 0.8625 0.6843750000000002 0.890625 0.6843750000000002
2 0.828125 0.7562500000000002 0.80625 0.7562500000000002 0.80625 0.8859375 0.828125 0.8859375
2 0.9609375 0.7593750000000001 0.9296875 0.7593750000000001 0.9296875 0.8859375 0.9609375 0.8859375
2 0.9859375 0.8359375 0.9546875 0.8359375 0.9546875 0.9625 0.9859375 0.9625
2 0.6 0.5265625 0.58125 0.5265625 0.58125 0.628125 0.6 0.628125
3 0.59375 0.453125 0.5671875 0.453125 0.5671875 0.5453125 0.59375 0.5453125
2 0.27031250000000007 0.55625 0.2484375000000001 0.55625 0.2484375000000001 0.6625 0.27031250000000007 0.6625
2 0.33125 0.2328125 0.3 0.2328125 0.3 0.328125 0.33125 0.328125
2 0.478125 0.3968750000000001 0.4546875 0.3968750000000001 0.4546875 0.4828125 0.478125 0.4828125
2 0.471875 0.3734375000000001 0.4484375 0.3734375000000001 0.4484375 0.4203125 0.471875 0.4203125
0 0.3453125 0.253125 0.3296875 0.253125 0.3296875 0.2859375 0.3453125 0.2859375