0 0.534375 0.4953125 0.528125 0.4953125 0.528125 0.5078125 0.534375 0.5078125
2 0.7718750000000001 0.6656250000000001 0.7421875 0.6656250000000001 0.7421875000000001 0.7765625000000002 0.7718750000000002 0.7765625000000002
2 0.3453125000000001 0.5578125 0.31718750000000007 0.5578125 0.31718750000000007 0.6515625 0.3453125000000001 0.6515625
2 0.5890625 0.540625 0.565625 0.540625 0.565625 0.63125 0.5890625 0.63125
2 0.84375 0.3531250000000001 0.81875 0.3531250000000001 0.81875 0.4312500000000002 0.84375 0.4312500000000002
2 0.2671875000000001 0.625 0.2375000000000001 0.625 0.2375000000000001 0.7265625 0.2671875000000001 0.7265625
2 0.471875 0.3546875000000001 0.446875 0.3546875000000001 0.446875 0.43125 0.471875 0.43125
3 0.76875 0.5296875000000002 0.7484375 0.5296875000000002 0.7484375 0.6250000000000002 0.76875 0.6250000000000002
2 0.3937500000000001 0.659375 0.3703125000000001 0.659375 0.3703125000000001 0.7671875 0.3937500000000001 0.7671875
3 0.5046875 0.2765625000000001 0.4734375 0.2765625000000001 0.4734375 0.3531250000000001 0.5046875 0.3531250000000001
2 0.54375 0.3031250000000001 0.525 0.3031250000000001 0.525 0.3750000000000001 0.54375 0.3750000000000001
2 0.5609375 0.4703125 0.5296875 0.4703125 0.5296875 0.5515625 0.5609375 0.5515625
1 0.16562500000000008 0.540625 0.14218750000000005 0.540625 0.14218750000000008 0.646875 0.16562500000000008 0.646875
2 0.7484375000000002 0.8515625 0.7140625000000002 0.8515625 0.7140625000000002 0.9796875 0.7484375000000002 0.9796875
2 0.5109375 0.3625000000000001 0.4828125 0.3625000000000001 0.4828125 0.44375 0.5109375 0.44375
2 0.4140625 0.5546875 0.3921875000000001 0.5546875 0.3921875000000001 0.659375 0.4140625 0.659375
2 0.9609375 0.4937500000000002 0.9421875 0.4937500000000002 0.9421875 0.5890625000000002 0.9609375 0.5890625000000002
2 0.4078125 0.3296875000000001 0.378125 0.3296875000000001 0.37812500000000004 0.403125 0.4078125 0.403125
2 0.2921875000000001 0.6890625 0.2671875000000001 0.6890625 0.2671875000000001 0.7828125 0.2921875000000001 0.7828125
2 0.4234375 0.490625 0.3828125000000001 0.490625 0.3828125000000001 0.5796875 0.4234375 0.5796875