2 0.18125000000000008 0.6046875 0.1453125000000001 0.6046875 0.1453125000000001 0.71875 0.18125000000000008 0.71875
2 0.76875 0.4906250000000002 0.746875 0.4906250000000002 0.746875 0.5890625000000002 0.76875 0.5890625000000002
2 0.8078125 0.46875000000000017 0.784375 0.46875000000000017 0.784375 0.5671875000000002 0.8078125 0.5671875000000002
3 0.3734375000000001 0.37187500000000007 0.3531250000000001 0.371875 0.3531250000000001 0.46875 0.3734375000000001 0.46875
2 0.503125 0.40625 0.484375 0.40625 0.484375 0.5 0.503125 0.5
2 0.8515625 0.5687500000000002 0.815625 0.5687500000000002 0.815625 0.6781250000000002 0.8515625 0.6781250000000002
2 0.259375 0.3546875 0.2375 0.3546875 0.23750000000000004 0.4546875 0.2593750000000001 0.4546875
2 0.7625 0.5187500000000002 0.7375 0.5187500000000002 0.7375 0.6203125000000002 0.7625 0.6203125000000002
2 0.22031250000000005 0.2828125 0.2015625 0.2828125 0.20156250000000003 0.36875 0.22031250000000008 0.36875
2 0.7 0.415625 0.675 0.415625 0.675 0.5078125 0.7 0.5078125
2 0.4921875 0.553125 0.471875 0.553125 0.471875 0.653125 0.4921875 0.653125
2 0.17812500000000003 0.3140625 0.15625000000000006 0.3140625 0.15625000000000006 0.403125 0.17812500000000003 0.403125
2 0.4640625 0.2718750000000001 0.4453125 0.2718750000000001 0.4453125 0.3687500000000001 0.4640625 0.3687500000000001
2 0.4859375 0.2828125000000001 0.46875 0.2828125000000001 0.46875 0.3671875000000001 0.4859375 0.3671875000000001
2 0.4703125 0.3359375000000001 0.453125 0.3359375000000001 0.453125 0.421875 0.4703125 0.421875
2 0.4546875 0.2515625000000001 0.4296875 0.2515625000000001 0.4296875 0.3343750000000001 0.4546875 0.3343750000000001
2 0.875 0.5593750000000002 0.846875 0.5593750000000002 0.846875 0.6796875000000002 0.875 0.6796875000000002