2 0.6421875 0.475 0.6109375 0.475 0.6109375 0.6046875 0.6421875 0.6046875
2 0.6296875 0.10000000000000009 0.6078125 0.10000000000000009 0.6078125 0.2078125000000001 0.6296875 0.2078125000000001
2 0.5015625000000001 0.671875 0.465625 0.671875 0.46562500000000007 0.7875 0.5015625000000001 0.7875
2 0.23281250000000003 0.3453125 0.2015625 0.3453125 0.20156250000000003 0.4515625 0.2328125000000001 0.4515625
2 0.7109375000000001 0.68125 0.684375 0.68125 0.6843750000000001 0.8125 0.7109375000000002 0.8125
2 0.8359375 0.4703125000000002 0.8078125 0.4703125000000002 0.8078125 0.6015625000000002 0.8359375 0.6015625000000002
2 0.6125 0.2312500000000001 0.590625 0.2312500000000001 0.590625 0.3390625000000001 0.6125 0.3390625000000001
2 0.35937500000000006 0.303125 0.3375 0.303125 0.3375 0.4140625 0.3593750000000001 0.4140625
2 0.034375 0.015625000000000003 0.009375000000000003 0.015625 0.009375000000000008 0.1140625 0.03437500000000001 0.1140625
2 0.035937500000000004 2.965941466684996e-18 0.0125 1.5308084989341916e-18 0.012500000000000006 0.071875 0.03593750000000001 0.071875
0 0.6812500000000001 0.8015625 0.6703125000000002 0.8015625 0.6703125000000002 0.8171875 0.6812500000000001 0.8171875