2 0.6890625 0.571875 0.65625 0.571875 0.65625 0.6796875 0.6890625 0.6796875
1 0.790625 0.40937500000000016 0.771875 0.40937500000000016 0.771875 0.5218750000000002 0.790625 0.5218750000000002
2 0.615625 0.6046875 0.59375 0.6046875 0.59375 0.71875 0.615625 0.71875
2 0.3218750000000001 0.4078125 0.30156250000000007 0.4078125 0.30156250000000007 0.5046875 0.3218750000000001 0.5046875
3 0.16875000000000004 0.3703125 0.15000000000000005 0.3703125 0.15000000000000005 0.46875 0.16875000000000004 0.46875
2 0.04062500000000005 0.3546875 0.021875000000000044 0.3546875 0.02187500000000005 0.45 0.04062500000000006 0.45
2 0.22812500000000008 0.5828125 0.2078125000000001 0.5828125 0.2078125000000001 0.684375 0.22812500000000008 0.684375
2 0.5921875 0.4890625 0.5625 0.4890625 0.5625 0.59375 0.5921875 0.59375
2 0.5625 0.4484375 0.5359375 0.4484375 0.5359375 0.55 0.5625 0.55
2 0.221875 0.265625 0.19375000000000003 0.265625 0.19375000000000003 0.346875 0.221875 0.346875
2 0.5046875 0.5109375 0.484375 0.5109375 0.484375 0.6171875 0.5046875 0.6171875
2 0.29687500000000006 0.334375 0.275 0.334375 0.275 0.421875 0.2968750000000001 0.421875
2 0.25 0.2609375 0.2265625 0.2609375 0.2265625 0.334375 0.25 0.334375
2 0.3203125 0.290625 0.290625 0.290625 0.290625 0.3328125 0.3203125 0.3328125
2 0.5484375 0.40625 0.5203125 0.40625 0.5203125 0.5046875 0.5484375 0.5046875