2 0.7140625 0.3671875000000001 0.6859375 0.3671875000000001 0.6859375 0.4671875 0.7140625 0.4671875
2 0.29375000000000007 0.4953125 0.2640625000000001 0.4953125 0.2640625000000001 0.5984375 0.29375000000000007 0.5984375
2 0.74375 0.4906250000000001 0.715625 0.490625 0.715625 0.6046875 0.74375 0.6046875000000002
2 0.7125 0.18750000000000008 0.690625 0.18750000000000008 0.690625 0.27031250000000007 0.7125 0.27031250000000007
2 0.4781250000000001 0.6375 0.453125 0.6375 0.4531250000000001 0.75625 0.4781250000000002 0.75625
2 0.8328125 0.47187500000000016 0.8078125 0.47187500000000016 0.8078125 0.5875000000000001 0.8328125 0.5875000000000001
2 0.80625 0.7468750000000002 0.7781250000000002 0.7468750000000002 0.7781250000000002 0.8859375 0.80625 0.8859375
2 0.46406250000000016 0.8859375 0.4390625000000002 0.8859375 0.4390625000000002 0.9984375 0.46406250000000016 0.9984375
2 0.9875 0.41718750000000016 0.9625 0.41718750000000016 0.9625 0.5156250000000002 0.9875 0.5156250000000002
3 0.228125 0.14687500000000003 0.1984375 0.14687500000000003 0.19843750000000002 0.2359375 0.228125 0.2359375
2 0.25468750000000007 0.3328125 0.2359375 0.3328125 0.23593750000000005 0.4421875 0.25468750000000007 0.4421875
0 0.4625 0.45 0.4390625 0.45 0.4390625 0.4984375 0.4625 0.4984375