2 0.42187500000000017 0.7484375 0.3906250000000001 0.7484375 0.3906250000000001 0.8765625 0.42187500000000017 0.8765625
2 0.8 0.3109375000000001 0.7734375 0.3109375000000001 0.7734375 0.4078125000000002 0.8 0.4078125000000002
2 0.546875 0.34843750000000007 0.51875 0.34843750000000007 0.51875 0.4375 0.546875 0.4375
2 0.475 0.5328125 0.4421875 0.5328125 0.4421875 0.653125 0.475 0.653125
2 0.865625 0.4031250000000002 0.840625 0.4031250000000002 0.840625 0.5031250000000002 0.865625 0.5031250000000002
0 0.36406250000000007 0.4328125 0.3515625000000001 0.4328125 0.3515625000000001 0.4625 0.36406250000000007 0.4625
2 0.36875 0.3453125 0.346875 0.3453125 0.34687500000000004 0.44375 0.3687500000000001 0.44375
3 0.15468750000000003 0.15625 0.1296875 0.15625 0.1296875 0.25625 0.15468750000000003 0.25625
2 0.9515625 0.5687500000000002 0.9265625 0.5687500000000002 0.9265625 0.6812500000000001 0.9515625 0.6812500000000001
2 0.13593750000000004 0.3015625 0.11562500000000005 0.3015625 0.11562500000000005 0.4125 0.13593750000000004 0.4125
2 0.034375000000000086 0.63125 7.730582919617668e-17 0.63125 8.553392487794795e-17 0.765625 0.034375000000000086 0.765625
2 0.9984375 0.4437500000000002 0.9671875 0.4437500000000002 0.9671875 0.5406250000000001 0.9984375 0.5406250000000001
2 0.6921875 0.22031250000000008 0.659375 0.22031250000000008 0.659375 0.3046875000000001 0.6921875 0.3046875000000001
2 0.703125 0.26250000000000007 0.68125 0.26250000000000007 0.68125 0.3500000000000001 0.703125 0.3500000000000001
2 0.8765625 0.909375 0.8453125 0.909375 0.8453125 1 0.8765625 1
2 0.8921875 0.8734375 0.8609375 0.8734375 0.8609375 1 0.8921875 1