2 0.721875 0.440625 0.678125 0.440625 0.678125 0.5328125 0.721875 0.5328125
2 0.2328125 0.275 0.2 0.275 0.2 0.3625 0.2328125 0.3625
1 0.99375 0.4187500000000002 0.946875 0.4187500000000002 0.946875 0.5234375000000002 0.99375 0.5234375000000002
3 0.3625000000000001 0.390625 0.3343750000000001 0.390625 0.3343750000000001 0.4828125 0.3625000000000001 0.4828125
2 0.50625 0.546875 0.478125 0.546875 0.478125 0.64375 0.50625 0.64375
2 0.2671875 0.2640625 0.25 0.2640625 0.25 0.35 0.2671875 0.35
2 0.7703125 0.5328125000000001 0.71875 0.5328125 0.71875 0.6406250000000001 0.7703125 0.6406250000000002
2 0.22031250000000008 0.36875 0.2062500000000001 0.36875 0.2062500000000001 0.4640625 0.22031250000000008 0.4640625
2 0.24375000000000008 0.59375 0.2218750000000001 0.59375 0.2218750000000001 0.7046875 0.24375000000000008 0.7046875
2 0.4 0.26250000000000007 0.384375 0.26250000000000007 0.384375 0.3500000000000001 0.4 0.3500000000000001
2 0.4953125 0.4 0.475 0.4 0.475 0.49375 0.4953125 0.49375
2 0.8078125 0.5781250000000002 0.771875 0.5781250000000002 0.771875 0.6796875000000002 0.8078125 0.6796875000000002
2 0.4453125 0.3343750000000001 0.428125 0.3343750000000001 0.428125 0.4234375 0.4453125 0.4234375
2 0.8359375 0.5640625000000001 0.8078125 0.5640625000000001 0.8078125 0.6750000000000002 0.8359375 0.6750000000000002
2 0.48125 0.3031250000000001 0.453125 0.3031250000000001 0.453125 0.38750000000000007 0.48125 0.38750000000000007
0 0.4609375 0.24375000000000008 0.4453125 0.24375000000000008 0.4453125 0.26250000000000007 0.4609375 0.26250000000000007
2 0.7953125 0.47968750000000016 0.7609375 0.47968750000000016 0.7609375 0.5750000000000002 0.7953125 0.5750000000000002