2 0.753125 0.48125000000000007 0.7 0.48125 0.7 0.6046875 0.753125 0.6046875000000002
2 0.3578125000000001 0.6328125 0.3187500000000001 0.6328125 0.3187500000000001 0.7484375 0.3578125000000001 0.7484375
2 0.5828125 0.4515625 0.5484375 0.4515625 0.5484375 0.5703125 0.5828125 0.5703125
2 0.6265625 0.10156250000000008 0.6015625 0.10156250000000008 0.6015625 0.20468750000000008 0.6265625 0.20468750000000008
2 0.5984375 0.21250000000000008 0.5765625 0.21250000000000008 0.5765625 0.3218750000000001 0.5984375 0.3218750000000001
2 0.33281250000000007 0.275 0.3109375 0.275 0.31093750000000003 0.3828125 0.33281250000000007 0.3828125
2 0.17187500000000006 0.3234375 0.14843750000000006 0.3234375 0.14843750000000006 0.4328125 0.17187500000000006 0.4328125
2 0.7171875000000001 0.703125 0.6796875 0.703125 0.6796875000000001 0.8265625 0.7171875000000002 0.8265625
2 0.012500000000000008 0.015625 1.9135106236677394e-18 0.015625 8.132420150587892e-18 0.1171875 0.012500000000000016 0.1171875
2 0.037500000000000006 3.1572925290517703e-18 0.0140625 1.7221595613009655e-18 0.014062500000000006 0.0703125 0.03750000000000001 0.0703125
2 0.1921875 2.2388074296912548e-17 0.1734375 2.1239967922711906e-17 0.1734375 0.014062500000000023 0.1921875 0.014062500000000023