0 0.7203125 0.6328125 0.7109375 0.6328125 0.7109375 0.6515625 0.7203125 0.6515625
2 0.546875 0.45 0.509375 0.45 0.509375 0.56875 0.546875 0.56875
2 0.31562500000000004 0.2796875 0.29375 0.2796875 0.29375000000000007 0.3859375 0.3156250000000001 0.3859375
2 0.734375 0.48906250000000007 0.703125 0.4890625 0.703125 0.6171875000000001 0.734375 0.6171875000000002
2 0.59375 0.21875000000000008 0.5734375 0.21875000000000008 0.5734375 0.3281250000000001 0.59375 0.3281250000000001
2 0.14375000000000004 0.3328125 0.11875000000000005 0.3328125 0.11875000000000005 0.440625 0.14375000000000004 0.440625
2 0.6265625 0.12031250000000009 0.60625 0.12031250000000009 0.60625 0.2234375000000001 0.6265625 0.2234375000000001
2 0.70625 0.7203125 0.65625 0.7203125 0.6562500000000001 0.865625 0.7062500000000002 0.865625
2 0.2906250000000001 0.6265625 0.2593750000000001 0.6265625 0.2593750000000001 0.7328125 0.2906250000000001 0.7328125
2 0.004687500000000009 0.0390625 4.783776559169349e-18 0.0390625 9.280526524788536e-18 0.1125 0.004687500000000014 0.1125
2 0.0421875 3.539994653785318e-18 0.015625 1.9135106236677394e-18 0.015625000000000007 0.090625 0.04218750000000001 0.090625
2 0.1921875 0.004687500000000023 0.178125 0.004687500000000022 0.178125 0.03906250000000002 0.1921875 0.03906250000000002