0 0.7890625 0.5859375000000002 0.7796875 0.5859375000000002 0.7796875 0.6015625000000002 0.7890625 0.6015625000000002
2 0.22656250000000008 0.4921875 0.2000000000000001 0.4921875 0.2000000000000001 0.5953125 0.22656250000000008 0.5953125
2 0.5671875 0.509375 0.5421875 0.509375 0.5421875 0.609375 0.5671875 0.609375
2 0.15937500000000004 0.2921875 0.14062500000000006 0.2921875 0.14062500000000006 0.3765625 0.15937500000000004 0.3765625
2 0.2906250000000001 0.6453125 0.2640625000000001 0.6453125 0.2640625000000001 0.765625 0.2906250000000001 0.765625
2 0.3515625000000001 0.5046875 0.3343750000000001 0.5046875 0.3343750000000001 0.60625 0.3515625000000001 0.60625
2 0.2734375000000001 0.9078125 0.2468750000000001 0.9078125 0.2468750000000001 0.9984375 0.2734375000000001 0.9984375
2 0.7468750000000002 0.7359375000000001 0.7218750000000002 0.7359375 0.7218750000000002 0.8671875 0.7468750000000002 0.8671875
2 0.9609375 0.4203125000000002 0.9390625 0.4203125000000002 0.9390625 0.5234375000000002 0.9609375 0.5234375000000002
2 0.3781250000000001 0.6796875 0.3515625000000001 0.6796875 0.3515625000000001 0.8 0.3781250000000001 0.8
2 0.6734375 0.22812500000000008 0.6515625 0.22812500000000008 0.6515625 0.3062500000000001 0.6734375 0.3062500000000001
3 0.09531250000000008 0.5953125 0.06718750000000007 0.5953125 0.06718750000000008 0.7140625 0.09531250000000009 0.7140625