2 0.8390625 0.46875000000000017 0.8046875 0.46875000000000017 0.8046875 0.5671875000000002 0.8390625 0.5671875000000002
2 0.503125 0.434375 0.478125 0.434375 0.478125 0.5375 0.503125 0.5375
2 0.2718750000000001 0.6953125 0.2531250000000001 0.6953125 0.2531250000000001 0.8109375 0.2718750000000001 0.8109375
2 0.4578125 0.24375000000000008 0.4390625 0.24375000000000008 0.4390625 0.3281250000000001 0.4578125 0.3281250000000001
2 0.14062500000000003 0.1578125 0.121875 0.1578125 0.12187500000000002 0.2453125 0.14062500000000006 0.2453125
2 0.5843750000000001 0.609375 0.5625 0.609375 0.5625000000000001 0.7328125 0.5843750000000002 0.7328125
2 0.2953125000000001 0.540625 0.2765625000000001 0.540625 0.2765625000000001 0.6453125 0.2953125000000001 0.6453125
3 0.4265625 0.5484375 0.4078125 0.5484375 0.4078125 0.6609375 0.4265625 0.6609375
2 0.11406250000000004 0.3109375 0.08593750000000004 0.3109375 0.08593750000000004 0.4125 0.11406250000000004 0.4125
2 0.6765625 0.459375 0.6578125 0.459375 0.6578125 0.5578125 0.6765625 0.5578125
2 0.21718750000000003 0.33125 0.18906250000000005 0.33125 0.18906250000000005 0.428125 0.2171875000000001 0.428125
2 0.6015625000000002 0.8078125 0.5703125000000002 0.8078125 0.5703125000000002 0.9421875 0.6015625000000002 0.9421875
2 0.6984375 0.671875 0.6765625 0.671875 0.6765625000000001 0.78125 0.6984375000000002 0.78125
2 0.971875 0.18125000000000013 0.94375 0.18125000000000013 0.94375 0.26250000000000007 0.971875 0.26250000000000007
2 0.31875 0.02500000000000004 0.303125 0.025000000000000033 0.303125 0.10312500000000005 0.31875 0.10312500000000005
0 0.7109375000000002 0.7546875 0.6937500000000002 0.7546875 0.6937500000000002 0.7953125 0.7109375000000002 0.7953125