2 0.25000000000000006 0.3375 0.221875 0.3375 0.22187500000000004 0.4421875 0.2500000000000001 0.4421875
2 0.60625 0.31718750000000007 0.575 0.31718750000000007 0.575 0.415625 0.60625 0.415625
2 0.44375 0.24375000000000008 0.425 0.24375000000000008 0.425 0.3390625000000001 0.44375 0.3390625000000001
2 0.17187500000000008 0.5453125 0.1437500000000001 0.5453125 0.1437500000000001 0.6625 0.17187500000000008 0.6625
2 0.39531250000000007 0.475 0.37187500000000007 0.475 0.37187500000000007 0.58125 0.39531250000000007 0.58125
2 0.90625 0.5265625000000002 0.871875 0.5265625000000002 0.871875 0.6390625000000002 0.90625 0.6390625000000002
2 0.48125 0.4453125 0.45625 0.4453125 0.45625 0.55 0.48125 0.55
2 0.5375 0.446875 0.515625 0.446875 0.515625 0.5375 0.5375 0.5375
2 0.5859375 0.5453125 0.5671875 0.5453125 0.5671875 0.65 0.5859375 0.65
2 0.815625 0.08593750000000008 0.8 0.08593750000000008 0.8 0.17187500000000008 0.815625 0.17187500000000008
2 0.846875 0.1937500000000001 0.828125 0.1937500000000001 0.828125 0.2906250000000001 0.846875 0.2906250000000001
2 0.9328125 0.3859375000000001 0.909375 0.3859375000000001 0.909375 0.4812500000000002 0.9328125 0.4812500000000002
3 0.9484375 0.3437500000000001 0.9234375 0.3437500000000001 0.9234375 0.4625000000000002 0.9484375 0.4625000000000002
2 0.9765625 0.2921875000000001 0.95625 0.2921875000000001 0.95625 0.3890625000000001 0.9765625 0.3890625000000001