2 0.54375 0.5640625 0.5125 0.5640625 0.5125 0.6796875 0.54375 0.6796875
2 0.13281250000000006 0.328125 0.11093750000000005 0.328125 0.11093750000000005 0.4328125 0.13281250000000006 0.4328125
2 0.771875 0.44843750000000016 0.74375 0.44843750000000016 0.74375 0.5562500000000001 0.771875 0.5562500000000001
2 0.95 0.7890625000000002 0.9203125 0.7890625000000002 0.9203125 0.9390625 0.95 0.9390625
2 0.4890625 0.3109375000000001 0.4703125 0.3109375000000001 0.4703125 0.409375 0.4890625 0.409375
2 0.3468750000000001 0.6546875 0.3218750000000001 0.6546875 0.3218750000000001 0.7765625 0.3468750000000001 0.7765625
2 0.434375 0.3937500000000001 0.403125 0.3937500000000001 0.403125 0.4921875 0.434375 0.4921875
2 0.3140625 0.265625 0.2953125 0.265625 0.2953125 0.3515625 0.3140625 0.3515625
2 0.6171875 0.56875 0.5921875 0.56875 0.5921875 0.6875 0.6171875 0.6875
2 0.5640625 0.09843750000000007 0.5484375 0.09843750000000007 0.5484375 0.18750000000000008 0.5640625 0.18750000000000008
3 0.58125 0.3671875000000001 0.565625 0.3671875000000001 0.565625 0.4640625 0.58125 0.4640625
2 0.7781250000000001 0.7062500000000002 0.75625 0.7062500000000002 0.7562500000000001 0.8390625 0.7781250000000002 0.8390625
2 0.8875 0.4703125000000002 0.86875 0.4703125000000002 0.86875 0.5890625000000002 0.8875 0.5890625000000002
2 0.74375 0.2578125000000001 0.7171875 0.2578125000000001 0.7171875 0.3421875000000001 0.74375 0.3421875000000001
2 0.2593750000000001 0.5140625 0.23437500000000008 0.5140625 0.23437500000000008 0.6296875 0.2593750000000001 0.6296875
2 0.90625 0.921875 0.8765625 0.921875 0.8765625 0.9984375 0.90625 0.9984375
2 0.8125 0.4000000000000002 0.7875 0.4000000000000002 0.7875 0.5125000000000002 0.8125 0.5125000000000002
2 0.5890625 0.446875 0.5671875 0.446875 0.5671875 0.55625 0.5890625 0.55625
2 0.2453125000000001 0.4859375 0.22031250000000008 0.4859375 0.22031250000000008 0.59375 0.2453125000000001 0.59375