0 0.659375 0.3578125000000001 0.6515625 0.3578125000000001 0.6515625 0.37187500000000007 0.659375 0.37187500000000007
2 0.525 0.34062500000000007 0.490625 0.34062500000000007 0.490625 0.425 0.525 0.425
2 0.3734375000000001 0.4671875 0.3453125000000001 0.4671875 0.3453125000000001 0.5625 0.3734375000000001 0.5625
2 0.21875 0.2625 0.19687500000000005 0.2625 0.19687500000000005 0.3546875 0.21875 0.3546875
3 0.2500000000000001 0.4234375 0.23437500000000008 0.4234375 0.23437500000000008 0.5265625 0.2500000000000001 0.5265625
2 0.3375 0.19531250000000006 0.31875 0.19531250000000006 0.31875 0.275 0.3375 0.275
2 0.59375 0.525 0.571875 0.525 0.571875 0.6375 0.59375 0.6375
2 0.24375000000000008 0.6828125 0.21875000000000008 0.6828125 0.21875000000000008 0.8015625 0.24375000000000008 0.8015625
2 0.83125 0.3390625000000001 0.815625 0.3390625000000001 0.815625 0.4312500000000002 0.83125 0.4312500000000002
2 0.7453125 0.2468750000000001 0.7078125 0.2468750000000001 0.7078125 0.3140625000000001 0.7453125 0.3140625000000001
3 0.07031250000000003 0.1421875 0.04531250000000002 0.1421875 0.04531250000000002 0.225 0.07031250000000003 0.225
2 0.5125 0.5109375 0.49375 0.5109375 0.49375 0.6203125 0.5125 0.6203125
2 0.27656250000000004 0.2859375 0.2484375 0.2859375 0.24843750000000003 0.3703125 0.2765625000000001 0.3703125
2 0.596875 0.2468750000000001 0.5828125 0.2468750000000001 0.5828125 0.3281250000000001 0.596875 0.3281250000000001
2 0.6203125 0.3515625000000001 0.5890625 0.3515625000000001 0.5890625 0.4328125 0.6203125 0.4328125
2 0.484375 0.17187500000000006 0.4625 0.17187500000000006 0.4625 0.2531250000000001 0.484375 0.2531250000000001
2 0.5171875000000001 0.9078125 0.4906250000000002 0.9078125 0.4906250000000002 1 0.5171875000000001 1