2 0.2468750000000001 0.3890625 0.2093750000000001 0.3890625 0.2093750000000001 0.484375 0.2468750000000001 0.484375
3 0.4234375 0.4140625 0.3937500000000001 0.4140625 0.3937500000000001 0.534375 0.4234375 0.534375
2 0.678125 0.1468750000000001 0.653125 0.1468750000000001 0.653125 0.24375000000000008 0.678125 0.24375000000000008
2 0.5671875000000001 0.6515625 0.5203125 0.6515625 0.5203125000000001 0.765625 0.5671875000000002 0.765625
2 0.3546875 0.17968750000000006 0.3296875 0.17968750000000006 0.3296875 0.284375 0.3546875 0.284375
2 0.1468750000000001 0.590625 0.12031250000000009 0.590625 0.12031250000000009 0.7234375 0.1468750000000001 0.7234375
2 0.6296875 0.4109375 0.60625 0.4109375 0.60625 0.5265625 0.6296875 0.5265625
2 0.70625 0.25468750000000007 0.6796875 0.25468750000000007 0.6796875 0.35625000000000007 0.70625 0.35625000000000007
2 0.3781250000000001 0.675 0.34843750000000007 0.675 0.34843750000000007 0.8046875 0.3781250000000001 0.8046875
2 0.884375 0.4031250000000002 0.859375 0.4031250000000002 0.859375 0.5187500000000002 0.884375 0.5187500000000002
2 0.4890625 0.05156250000000007 0.471875 0.05156250000000007 0.471875 0.14531250000000004 0.4890625 0.14531250000000004
2 0.2656250000000001 0.76875 0.24218750000000008 0.76875 0.24218750000000008 0.8953125 0.2656250000000001 0.8953125
2 0.5437500000000002 0.934375 0.5140625000000002 0.934375 0.5140625000000002 1 0.5437500000000002 1
2 1 0.10781250000000013 0.9875 0.10781250000000013 0.9875 0.18906250000000013 1 0.18906250000000013
0 0.7078125000000002 0.8390625 0.6968750000000001 0.8390625 0.6968750000000001 0.859375 0.7078125000000002 0.859375
2 0.5640625000000001 0.7109375 0.5390625 0.7109375 0.5390625000000001 0.834375 0.5640625000000001 0.834375