2 0.5921875 0.3437500000000001 0.571875 0.3437500000000001 0.571875 0.45 0.5921875 0.45
2 0.54375 0.428125 0.525 0.428125 0.525 0.546875 0.54375 0.546875
2 0.7578125 0.4187500000000002 0.728125 0.4187500000000002 0.728125 0.5234375000000002 0.7578125 0.5234375000000002
2 0.778125 0.49218750000000017 0.75625 0.49218750000000017 0.75625 0.6031250000000001 0.778125 0.6031250000000001
2 0.834375 0.6375000000000002 0.8015625 0.6375000000000002 0.8015625 0.7593750000000001 0.834375 0.7593750000000001
2 0.8984375 0.5843750000000002 0.8734375 0.5843750000000002 0.8734375 0.7109375000000002 0.8984375 0.7109375000000002
2 0.9171875 0.4312500000000002 0.8953125 0.4312500000000002 0.8953125 0.5468750000000002 0.9171875 0.5468750000000002
2 0.4078125 0.5296875 0.37968750000000007 0.5296875 0.37968750000000007 0.6328125 0.4078125 0.6328125
2 0.5859375 0.509375 0.55 0.509375 0.55 0.5890625 0.5859375 0.5890625
2 0.621875 0.4390625 0.584375 0.4390625 0.584375 0.5390625 0.621875 0.5390625
3 0.6921875 0.5328125 0.6484375 0.5328125 0.6484375 0.6484375 0.6921875 0.6484375
1 0.3031250000000001 0.390625 0.27031250000000007 0.390625 0.27031250000000007 0.44375 0.3031250000000001 0.44375
2 0.65 0.5578125 0.61875 0.5578125 0.61875 0.6765625 0.65 0.6765625
2 0.51875 0.36406250000000007 0.484375 0.36406250000000007 0.484375 0.44375 0.51875 0.44375
0 0.23437500000000006 0.353125 0.21875 0.353125 0.21875000000000006 0.3875 0.23437500000000008 0.3875
3 0.85 0.0437500000000001 0.815625 0.0437500000000001 0.815625 0.1390625000000001 0.85 0.1390625000000001