2 0.15312500000000004 0.38125 0.12031250000000004 0.38125 0.12031250000000004 0.471875 0.15312500000000004 0.471875
2 0.653125 0.415625 0.634375 0.415625 0.634375 0.515625 0.653125 0.515625
3 0.4859375 0.3531250000000001 0.4671875 0.3531250000000001 0.4671875 0.4484375 0.4859375 0.4484375
2 0.04218750000000009 0.7015625 0.018750000000000083 0.7015625 0.018750000000000093 0.8203125 0.0421875000000001 0.8203125
2 0.7609375 0.49218750000000017 0.734375 0.49218750000000017 0.734375 0.5984375000000002 0.7609375 0.5984375000000002
2 0.5703125000000001 0.64375 0.5515625 0.64375 0.5515625000000001 0.75 0.5703125000000002 0.75
2 0.2718750000000001 0.3640625 0.2515625000000001 0.3640625 0.2515625000000001 0.459375 0.2718750000000001 0.459375
2 0.30000000000000004 0.3046875 0.275 0.3046875 0.275 0.39375 0.3000000000000001 0.39375
2 0.690625 0.40625 0.6703125 0.40625 0.6703125 0.5078125 0.690625 0.5078125
2 0.5203125 0.4390625 0.4984375 0.4390625 0.4984375 0.5390625 0.5203125 0.5390625
2 0.246875 0.234375 0.21875 0.234375 0.21875 0.3140625 0.246875 0.3140625
2 0.83125 0.6234375000000002 0.8078125 0.6234375000000002 0.8078125 0.7390625000000002 0.83125 0.7390625000000002
2 0.37500000000000006 0.33281250000000007 0.3453125 0.3328125 0.3453125 0.4234375 0.3750000000000001 0.4234375
2 0.66875 0.4921875 0.65 0.4921875 0.65 0.6015625 0.66875 0.6015625
2 0.4171875 0.26250000000000007 0.39375 0.26250000000000007 0.39375 0.3375000000000001 0.4171875 0.3375000000000001
2 0.4375 0.27812500000000007 0.40625 0.27812500000000007 0.40625 0.3500000000000001 0.4375 0.3500000000000001
2 0.4484375 0.28593750000000007 0.43125 0.28593750000000007 0.43125 0.3703125000000001 0.4484375 0.3703125000000001
0 0.2484375 0.2984375 0.240625 0.2984375 0.240625 0.315625 0.2484375 0.315625