2 0.3937500000000001 0.659375 0.3656250000000001 0.659375 0.3656250000000001 0.7796875 0.3937500000000001 0.7796875
2 0.04687500000000007 0.5578125 0.014062500000000066 0.5578125 0.014062500000000075 0.6796875 0.046875000000000076 0.6796875
2 0.6453125 0.4703125 0.615625 0.4703125 0.615625 0.5765625 0.6453125 0.5765625
2 0.459375 0.465625 0.4359375 0.465625 0.4359375 0.571875 0.459375 0.571875
2 0.2562500000000001 0.5125 0.21875000000000008 0.5125 0.21875000000000008 0.615625 0.2562500000000001 0.615625
2 0.14687500000000003 0.36875 0.12812500000000004 0.36875 0.12812500000000004 0.471875 0.14687500000000003 0.471875
2 0.0875000000000001 0.7890625 0.050000000000000086 0.7890625 0.0500000000000001 0.925 0.0875000000000001 0.925
2 0.7640625 0.12031250000000009 0.7453125 0.12031250000000009 0.7453125 0.2062500000000001 0.7640625 0.2062500000000001
2 0.340625 0.209375 0.3234375 0.209375 0.3234375 0.2984375 0.340625 0.2984375
2 0.51875 0.690625 0.4953125 0.690625 0.4953125000000001 0.8125 0.5187500000000002 0.8125
3 0.03906250000000001 3.1572925290517703e-18 0.0125 1.5308084989341916e-18 0.012500000000000002 0.053125 0.039062500000000014 0.053125
2 0.17500000000000013 0.95 0.14062500000000014 0.95 0.14062500000000014 1 0.17500000000000013 1
0 0.4609375 0.640625 0.45 0.640625 0.45 0.6578125 0.4609375 0.6578125