2 0.4546875 0.5140625 0.4203125 0.5140625 0.4203125 0.615625 0.4546875 0.615625
2 0.2406250000000001 0.4703125 0.21250000000000008 0.4703125 0.21250000000000008 0.5671875 0.2406250000000001 0.5671875
2 0.9296875 0.6796875000000002 0.8984375 0.6796875000000002 0.8984375 0.7953125000000002 0.9296875 0.7953125000000002
2 0.565625 0.2515625000000001 0.5359375 0.2515625000000001 0.5359375 0.33281250000000007 0.565625 0.33281250000000007
2 0.725 0.3609375000000001 0.690625 0.3609375000000001 0.690625 0.4453125 0.725 0.4453125
2 0.16093750000000004 0.20625 0.14218750000000005 0.20625 0.14218750000000005 0.2875 0.16093750000000004 0.2875
2 0.43125 0.2921875000000001 0.409375 0.2921875000000001 0.409375 0.3734375000000001 0.43125 0.3734375000000001
2 0.0906250000000001 0.7140625 0.06875000000000009 0.7140625 0.0687500000000001 0.828125 0.09062500000000011 0.828125
2 0.384375 0.3078125000000001 0.365625 0.3078125000000001 0.36562500000000003 0.3968750000000001 0.3843750000000001 0.3968750000000001
3 0.11718750000000004 0.4296875 0.09531250000000005 0.4296875 0.09531250000000005 0.53125 0.11718750000000004 0.53125
2 0.15156250000000004 0.3046875 0.12968750000000004 0.3046875 0.12968750000000004 0.3921875 0.15156250000000004 0.3921875
2 0.21250000000000005 0.3296875 0.19531250000000006 0.3296875 0.19531250000000006 0.415625 0.21250000000000008 0.415625
2 0.6546875 0.2609375000000001 0.6234375 0.2609375000000001 0.6234375 0.3343750000000001 0.6546875 0.3343750000000001
2 0.34062500000000007 0.4703125 0.3187500000000001 0.4703125 0.3187500000000001 0.5734375 0.34062500000000007 0.5734375
2 0.29375 0.18437500000000004 0.271875 0.18437500000000004 0.271875 0.2625 0.29375 0.2625
0 0.6953125 0.3375000000000001 0.6796875 0.3375000000000001 0.6796875 0.36406250000000007 0.6953125 0.36406250000000007