2 0.3921875000000001 0.55 0.3546875000000001 0.55 0.3546875000000001 0.6609375 0.3921875000000001 0.6609375
2 0.678125 0.4296875 0.6484375 0.4296875 0.6484375 0.5375 0.678125 0.5375
2 0.15000000000000008 0.5890625 0.12031250000000009 0.5890625 0.12031250000000009 0.6953125 0.15000000000000008 0.6953125
2 0.728125 0.39531250000000007 0.6953125 0.39531250000000007 0.6953125 0.5046875000000001 0.728125 0.5046875000000002
2 0.2296875000000001 0.6625 0.18906250000000008 0.6625 0.18906250000000008 0.778125 0.2296875000000001 0.778125
2 0.609375 0.5921875 0.575 0.5921875 0.575 0.71875 0.609375 0.71875
2 0.10468750000000007 0.53125 0.07656250000000006 0.53125 0.07656250000000007 0.64375 0.10468750000000009 0.64375
2 0.515625 0.45 0.48125 0.45 0.48125 0.5546875 0.515625 0.5546875
2 0.07500000000000004 0.29375 0.05312500000000005 0.29375 0.05312500000000005 0.390625 0.07500000000000004 0.390625
2 0.6531250000000001 0.684375 0.61875 0.684375 0.6187500000000001 0.8171875 0.6531250000000002 0.8171875
2 0.8375 0.8328125 0.8015625 0.8328125 0.8015625 0.978125 0.8375 0.978125
2 0.675 0.20312500000000008 0.65625 0.20312500000000008 0.65625 0.2890625000000001 0.675 0.2890625000000001
2 0.4828125 0.07968750000000006 0.4671875 0.07968750000000006 0.4671875 0.16718750000000004 0.4828125 0.16718750000000004
2 0.34843750000000007 0.2984375 0.3203125 0.2984375 0.32031250000000006 0.3828125 0.34843750000000007 0.3828125
3 0.5078125 0.3703125000000001 0.4859375 0.3703125000000001 0.4859375 0.4734375 0.5078125 0.4734375
2 0.2265625 0.2265625 0.203125 0.2265625 0.203125 0.325 0.2265625 0.325
2 0.8359375 0.4812500000000002 0.8140625 0.4812500000000002 0.8140625 0.6000000000000002 0.8359375 0.6000000000000002
2 0.2515625000000001 0.3890625 0.22031250000000008 0.3890625 0.22031250000000008 0.49375 0.2515625000000001 0.49375
0 0.1546875000000001 0.6 0.14062500000000008 0.6 0.14062500000000008 0.6375 0.1546875000000001 0.6375