2 0.9703125 0.7953125000000002 0.94375 0.7953125000000002 0.94375 0.925 0.9703125 0.925
2 0.75625 0.5171875000000001 0.7234375 0.5171875 0.7234375 0.6218750000000001 0.75625 0.6218750000000002
2 0.559375 0.3156250000000001 0.5328125 0.3156250000000001 0.5328125 0.3984375000000001 0.559375 0.3984375000000001
2 0.66875 0.428125 0.6453125 0.428125 0.6453125 0.5203125 0.66875 0.5203125
2 0.728125 0.3937500000000001 0.7015625 0.3937500000000001 0.7015625 0.4921875000000001 0.728125 0.49218750000000017
2 0.3484375 0.271875 0.31875 0.271875 0.31875 0.3359375 0.3484375 0.3359375
2 0.534375 0.41875 0.5140625 0.41875 0.5140625 0.509375 0.534375 0.509375
2 0.21093750000000006 0.3390625 0.19375000000000003 0.3390625 0.19375000000000003 0.434375 0.21093750000000008 0.434375
2 0.38125 0.27968750000000003 0.35625 0.2796875 0.35625 0.36250000000000004 0.38125 0.3625000000000001
2 0.496875 0.2296875000000001 0.4734375 0.2296875000000001 0.4734375 0.3000000000000001 0.496875 0.3000000000000001
2 0.309375 0.2640625 0.2875 0.2640625 0.2875 0.340625 0.309375 0.340625
2 0.815625 0.49218750000000017 0.7953125 0.49218750000000017 0.7953125 0.6062500000000002 0.815625 0.6062500000000002
2 0.50625 0.6078125 0.4890625 0.6078125 0.4890625 0.7125 0.50625 0.7125
2 0.032812500000000036 0.3171875 0.014062500000000039 0.3171875 0.014062500000000044 0.4 0.03281250000000004 0.4
2 0.89375 0.6062500000000002 0.86875 0.6062500000000002 0.86875 0.7218750000000002 0.89375 0.7218750000000002
2 0.484375 0.3296875000000001 0.465625 0.3296875000000001 0.465625 0.41875 0.484375 0.41875
3 0.5078125 0.3453125000000001 0.4828125 0.3453125000000001 0.4828125 0.44375 0.5078125 0.44375
0 0.40625 0.28593750000000007 0.3984375 0.28593750000000007 0.3984375 0.3062500000000001 0.40625 0.3062500000000001