2 0.46875 0.428125 0.440625 0.428125 0.440625 0.5328125 0.46875 0.5328125
2 0.4328125 0.15000000000000005 0.4015625 0.15000000000000005 0.4015625 0.24218750000000008 0.4328125 0.24218750000000008
2 0.7734375 0.4031250000000002 0.7359375 0.4031250000000002 0.7359375 0.5062500000000002 0.7734375 0.5062500000000002
2 0.3812500000000001 0.478125 0.3437500000000001 0.478125 0.3437500000000001 0.58125 0.3812500000000001 0.58125
2 0.6921875 0.2375000000000001 0.6546875 0.2375000000000001 0.6546875 0.3390625000000001 0.6921875 0.3390625000000001
2 0.3296875000000001 0.48125 0.2953125000000001 0.48125 0.2953125000000001 0.6 0.3296875000000001 0.6
2 0.6140625 0.2578125000000001 0.5890625 0.2578125000000001 0.5890625 0.3546875000000001 0.6140625 0.3546875000000001
2 0.825 0.3812500000000001 0.79375 0.3812500000000001 0.79375 0.4734375000000002 0.825 0.4734375000000002
2 0.534375 0.6203125 0.49375 0.6203125 0.4937500000000001 0.7390625 0.5343750000000002 0.7390625
2 0.3937500000000001 0.6625 0.3656250000000001 0.6625 0.3656250000000001 0.796875 0.3937500000000001 0.796875
2 0.039062500000000014 0.0703125 0.017187500000000012 0.0703125 0.017187500000000015 0.1625 0.03906250000000002 0.1625
0 0.40156250000000016 0.7796875 0.38750000000000007 0.7796875 0.38750000000000007 0.809375 0.40156250000000016 0.809375