2 0.3062500000000001 0.5359375 0.26250000000000007 0.5359375 0.26250000000000007 0.6265625 0.3062500000000001 0.6265625
2 0.0953125000000001 0.803125 0.06875000000000009 0.803125 0.0687500000000001 0.9375 0.0953125000000001 0.9375
2 0.4062500000000001 0.6703125 0.37968750000000007 0.6703125 0.37968750000000007 0.784375 0.40625000000000017 0.784375
2 0.05156250000000008 0.575 0.029687500000000068 0.575 0.02968750000000008 0.6953125 0.05156250000000009 0.6953125
2 0.565625 0.7125 0.528125 0.7125 0.5281250000000001 0.83125 0.5656250000000002 0.83125
2 0.453125 0.5140625 0.425 0.5140625 0.425 0.615625 0.453125 0.615625
2 0.15468750000000003 0.3859375 0.13437500000000005 0.3859375 0.13437500000000005 0.4921875 0.15468750000000003 0.4921875
2 0.7625 0.1468750000000001 0.746875 0.1468750000000001 0.746875 0.2296875000000001 0.7625 0.2296875000000001
2 0.6546875 0.484375 0.634375 0.484375 0.634375 0.59375 0.6546875 0.59375
2 0.3484375 0.2359375 0.33125 0.2359375 0.33125 0.325 0.3484375 0.325
3 0.04843750000000001 4.496749965619187e-18 0.025 3.061616997868383e-18 0.025000000000000005 0.0875 0.04843750000000001 0.0875
0 0.4546875 0.5953125 0.4421875 0.5953125 0.4421875 0.621875 0.4546875 0.621875