2 0.4015625 0.4015625 0.3781250000000001 0.4015625 0.3781250000000001 0.5171875 0.4015625 0.5171875
3 0.7375 0.05156250000000009 0.709375 0.05156250000000009 0.709375 0.13281250000000008 0.7375 0.13281250000000008
2 0.5171875 0.2890625000000001 0.4984375 0.2890625000000001 0.4984375 0.3921875000000001 0.5171875 0.3921875000000001
2 0.696875 0.3968750000000001 0.6734375 0.3968750000000001 0.6734375 0.509375 0.696875 0.509375
2 0.790625 0.22031250000000008 0.76875 0.22031250000000008 0.76875 0.3109375000000001 0.790625 0.3109375000000001
2 0.4625 0.5859375 0.4359375 0.5859375 0.4359375 0.7078125 0.4625 0.7078125
2 0.6234375 0.48125 0.603125 0.48125 0.603125 0.596875 0.6234375 0.596875
2 0.7921875 0.6421875000000001 0.7703125 0.6421875000000001 0.7703125000000001 0.7750000000000001 0.7921875000000002 0.7750000000000001
2 0.4671875 0.49375 0.4328125 0.49375 0.4328125 0.6046875 0.4671875 0.6046875
3 0.8125 0.5109375000000002 0.7875 0.5109375000000002 0.7875 0.6359375000000002 0.8125 0.6359375000000002
2 0.496875 0.3656250000000001 0.475 0.3656250000000001 0.475 0.46875 0.496875 0.46875
2 0.29375000000000007 0.5921875 0.2593750000000001 0.5921875 0.2593750000000001 0.703125 0.29375000000000007 0.703125
2 0.6015625 0.3140625000000001 0.5828125 0.3140625000000001 0.5828125 0.4109375 0.6015625 0.4109375
1 0.07343750000000004 0.34375 0.050000000000000044 0.34375 0.050000000000000044 0.4515625 0.07343750000000004 0.4515625
2 0.6484375 0.5984375 0.6171875 0.5984375 0.6171875 0.7203125 0.6484375 0.7203125
2 0.66875 0.5734375 0.640625 0.5734375 0.640625 0.6984375 0.66875 0.6984375
2 0.4375 0.5078125 0.409375 0.5078125 0.409375 0.621875 0.4375 0.621875
2 0.2953125000000001 0.53125 0.2734375000000001 0.53125 0.2734375000000001 0.6453125 0.2953125000000001 0.6453125
0 0.4203125 0.4125 0.4015625 0.4125 0.4015625 0.453125 0.4203125 0.453125