2 0.4140625 0.50625 0.3656250000000001 0.50625 0.3656250000000001 0.6203125 0.4140625 0.6203125
2 0.584375 0.496875 0.56875 0.496875 0.56875 0.609375 0.584375 0.609375
2 0.4734375 0.4015625 0.4421875 0.4015625 0.4421875 0.5015625 0.4734375 0.5015625
2 0.6875 0.421875 0.66875 0.421875 0.66875 0.5375 0.6875 0.5375
2 0.3078125000000001 0.50625 0.2796875000000001 0.50625 0.2796875000000001 0.615625 0.3078125000000001 0.615625
2 0.35625000000000007 0.44375 0.32500000000000007 0.44375 0.32500000000000007 0.5390625 0.35625000000000007 0.5390625
3 0.7296875 0.05625000000000009 0.7078125 0.05625000000000009 0.7078125 0.13437500000000008 0.7296875 0.13437500000000008
2 0.8109375 0.2328125000000001 0.7890625 0.2328125000000001 0.7890625 0.3234375000000001 0.8109375 0.3234375000000001
2 0.74375 0.534375 0.7046875 0.534375 0.7046875 0.6468750000000001 0.74375 0.6468750000000002
1 0.07343750000000006 0.371875 0.03906250000000004 0.371875 0.03906250000000005 0.45625 0.07343750000000007 0.45625
2 0.2609375000000001 0.578125 0.2296875000000001 0.578125 0.2296875000000001 0.690625 0.2609375000000001 0.690625
2 0.7859375000000001 0.6375000000000002 0.7625 0.6375000000000002 0.7625000000000001 0.7687500000000002 0.7859375000000002 0.7687500000000002
2 0.6078125 0.3734375000000001 0.5828125 0.3734375000000001 0.5828125 0.4765625 0.6078125 0.4765625
2 0.446875 0.5765625 0.41875 0.5765625 0.41875 0.696875 0.446875 0.696875
2 0.6546875 0.5734375 0.6359375 0.5734375 0.6359375 0.7015625 0.6546875 0.7015625
2 0.6187500000000001 0.6125 0.5984375 0.6125 0.5984375000000001 0.7421875 0.6187500000000001 0.7421875
2 0.4765625 0.3234375000000001 0.4515625 0.3234375000000001 0.4515625 0.4234375 0.4765625 0.4234375
0 0.3921875000000001 0.4203125 0.3750000000000001 0.4203125 0.3750000000000001 0.45 0.3921875000000001 0.45
2 0.4875 0.5578125 0.4359375 0.5578125 0.4359375 0.6265625 0.4875 0.6265625