3 0.775 0.05625000000000009 0.7515625 0.05625000000000009 0.7515625 0.13437500000000008 0.775 0.13437500000000008
2 0.3062500000000001 0.5515625 0.2718750000000001 0.5515625 0.2718750000000001 0.6578125 0.3062500000000001 0.6578125
2 0.7734375 0.42968750000000017 0.7484375 0.42968750000000017 0.7484375 0.5421875000000002 0.7734375 0.5421875000000002
2 0.503125 0.3453125000000001 0.475 0.3453125000000001 0.475 0.453125 0.503125 0.453125
2 0.65625 0.3937500000000001 0.63125 0.3937500000000001 0.63125 0.503125 0.65625 0.503125
2 0.55 0.546875 0.521875 0.546875 0.521875 0.6234375 0.55 0.6234375
2 0.9171875 0.24218750000000008 0.8953125 0.24218750000000008 0.8953125 0.3343750000000001 0.9171875 0.3343750000000001
2 0.484375 0.3906250000000001 0.4515625 0.3906250000000001 0.4515625 0.49375 0.484375 0.49375
2 0.5140625 0.559375 0.4875 0.559375 0.4875 0.678125 0.5140625 0.678125
2 0.7484375 0.5781250000000001 0.7234375 0.578125 0.7234375 0.7046875000000001 0.7484375 0.7046875000000001
2 0.878125 0.6484375000000002 0.85625 0.6484375000000002 0.85625 0.7750000000000001 0.878125 0.7750000000000001
2 0.4375 0.4390625 0.403125 0.4390625 0.403125 0.5546875 0.4375 0.5546875
0 0.2234375000000001 0.3734375 0.20468750000000008 0.3734375 0.20468750000000008 0.396875 0.2234375000000001 0.396875
1 0.14687500000000003 0.365625 0.08750000000000005 0.365625 0.08750000000000005 0.446875 0.14687500000000003 0.446875
3 0.690625 0.5375 0.6625 0.5375 0.6625 0.653125 0.690625 0.653125
2 0.65625 0.5 0.63125 0.5 0.63125 0.615625 0.65625 0.615625