2 0.4109375000000002 0.803125 0.3828125000000001 0.803125 0.3828125000000001 0.9171875 0.4109375000000002 0.9171875
2 0.2406250000000001 0.65625 0.2000000000000001 0.65625 0.2000000000000001 0.759375 0.2406250000000001 0.759375
2 0.61875 0.5328125 0.59375 0.5328125 0.59375 0.6265625 0.61875 0.6265625
2 0.559375 0.4796875 0.525 0.4796875 0.525 0.571875 0.559375 0.571875
2 0.58125 0.446875 0.5578125 0.446875 0.5578125 0.54375 0.58125 0.54375
2 0.6828125 0.6234375 0.6578125 0.6234375 0.6578125000000001 0.73125 0.6828125000000002 0.73125
2 0.484375 0.3468750000000001 0.465625 0.3468750000000001 0.465625 0.43125 0.484375 0.43125
1 0.09843750000000008 0.5640625 0.07031250000000007 0.5640625 0.07031250000000008 0.6515625 0.0984375000000001 0.6515625
2 0.3421875000000001 0.5890625 0.3156250000000001 0.5890625 0.3156250000000001 0.6734375 0.3421875000000001 0.6734375
2 0.1843750000000001 0.70625 0.1453125000000001 0.70625 0.1453125000000001 0.8015625 0.1843750000000001 0.8015625
0 0.4234375 0.509375 0.40625 0.509375 0.40625 0.5359375 0.4234375 0.5359375
2 0.4515625 0.45 0.4296875 0.45 0.4296875 0.534375 0.4515625 0.534375
2 0.2906250000000001 0.60625 0.2656250000000001 0.60625 0.2656250000000001 0.6953125 0.2906250000000001 0.6953125
2 0.775 0.39531250000000007 0.75625 0.39531250000000007 0.75625 0.4734375000000002 0.775 0.4734375000000002
2 0.828125 0.5078125000000002 0.8109375 0.5078125000000002 0.8109375 0.6015625000000002 0.828125 0.6015625000000002
3 0.534375 0.2843750000000001 0.5125 0.2843750000000001 0.5125 0.3593750000000001 0.534375 0.3593750000000001
3 0.7546875 0.5687500000000002 0.728125 0.5687500000000002 0.728125 0.6656250000000001 0.7546875 0.6656250000000001
2 0.2562500000000001 0.40625 0.23593750000000008 0.40625 0.23593750000000008 0.49375 0.2562500000000001 0.49375
2 0.459375 0.3968750000000001 0.44375 0.3968750000000001 0.44375 0.48125 0.459375 0.48125
2 0.40312500000000007 0.6515625 0.3812500000000001 0.6515625 0.3812500000000001 0.7546875 0.4031250000000002 0.7546875