2 0.28593750000000007 0.5140625 0.2484375000000001 0.5140625 0.2484375000000001 0.6296875 0.28593750000000007 0.6296875
2 0.5796875 0.2921875000000001 0.5515625 0.2921875000000001 0.5515625 0.3937500000000001 0.5796875 0.3937500000000001
2 0.20625000000000004 0.3109375 0.18125000000000005 0.3109375 0.18125000000000005 0.4203125 0.2062500000000001 0.4203125
2 0.56875 0.4234375 0.546875 0.4234375 0.546875 0.53125 0.56875 0.53125
2 0.93125 0.4984375000000002 0.903125 0.4984375000000002 0.903125 0.6140625000000002 0.93125 0.6140625000000002
2 0.4484375 0.459375 0.4203125 0.459375 0.4203125 0.56875 0.4484375 0.56875
2 0.65 0.4796875 0.6265625 0.4796875 0.6265625 0.5765625 0.65 0.5765625
2 0.64375 0.5578125 0.628125 0.5578125 0.628125 0.6671875 0.64375 0.6671875
2 0.9578125 0.15468750000000014 0.9421875 0.15468750000000014 0.9421875 0.2500000000000001 0.9578125 0.2500000000000001
2 0.5375 0.17343750000000005 0.515625 0.17343750000000005 0.515625 0.27031250000000007 0.5375 0.27031250000000007
2 1 0.3546875000000001 0.975 0.3546875000000001 0.975 0.46875000000000017 1 0.46875000000000017
3 1 0.3468750000000001 0.9875 0.3468750000000001 0.9875 0.4234375000000002 1 0.4234375000000002
3 0.0765625 0.05625 0.0640625 0.05625 0.0640625 0.0703125 0.0765625 0.0703125