2 0.8828125 0.5468750000000002 0.8578125 0.5468750000000002 0.8578125 0.6593750000000002 0.8828125 0.6593750000000002
2 0.2140625000000001 0.6265625 0.1828125000000001 0.6265625 0.1828125000000001 0.734375 0.2140625000000001 0.734375
2 0.1437500000000001 0.8078125 0.09687500000000009 0.8078125 0.0968750000000001 0.9265625 0.14375000000000013 0.9265625
2 0.334375 0.16250000000000003 0.3171875 0.16250000000000003 0.3171875 0.2453125 0.334375 0.2453125
2 0.8625 0.18906250000000008 0.8421875 0.18906250000000008 0.8421875 0.2640625000000001 0.8625 0.2640625000000001
2 0.09687500000000006 0.384375 0.07656250000000005 0.384375 0.07656250000000006 0.4859375 0.09687500000000007 0.4859375
2 0.8828125 0.2890625000000001 0.8640625 0.2890625000000001 0.8640625 0.3750000000000001 0.8828125 0.3750000000000001
0 0.3937500000000001 0.578125 0.38750000000000007 0.578125 0.38750000000000007 0.6046875 0.3937500000000001 0.6046875
2 0.415625 0.509375 0.3859375000000001 0.509375 0.3859375000000001 0.6140625 0.415625 0.6140625
2 0.6 0.3437500000000001 0.578125 0.3437500000000001 0.578125 0.4234375 0.6 0.4234375
2 0.76875 0.2656250000000001 0.7421875 0.2656250000000001 0.7421875 0.35625000000000007 0.76875 0.35625000000000007
2 0.2328125 0.234375 0.2078125 0.234375 0.2078125 0.3234375 0.2328125 0.3234375
2 0.20156250000000003 0.3015625 0.17812500000000003 0.3015625 0.17812500000000003 0.4046875 0.2015625000000001 0.4046875
2 0.36718750000000006 0.3375 0.3484375 0.3375 0.34843750000000007 0.4296875 0.3671875000000001 0.4296875
2 0.7546875 0.3593750000000001 0.734375 0.3593750000000001 0.734375 0.46875000000000017 0.7546875 0.46875000000000017
2 0.7640625 0.1828125000000001 0.740625 0.1828125000000001 0.740625 0.2578125000000001 0.7640625 0.2578125000000001
3 0.225 0.11562500000000005 0.2015625 0.11562500000000005 0.2015625 0.19687500000000005 0.225 0.19687500000000005
3 0.50625 0.3671875000000001 0.48125 0.3671875000000001 0.48125 0.4703125 0.50625 0.4703125
2 0.5203125 0.3453125000000001 0.4921875 0.3453125000000001 0.4921875 0.4546875 0.5203125 0.4546875