3 0.2296875000000001 0.3953125 0.2062500000000001 0.3953125 0.2062500000000001 0.496875 0.2296875000000001 0.496875
2 0.09218750000000006 0.375 0.07187500000000005 0.375 0.07187500000000005 0.4734375 0.09218750000000006 0.4734375
2 0.3015625 0.221875 0.2875 0.221875 0.2875 0.309375 0.3015625 0.309375
2 0.1625000000000001 0.6046875 0.1375000000000001 0.6046875 0.1375000000000001 0.71875 0.1625000000000001 0.71875
2 0.18906250000000005 0.2609375 0.16406250000000006 0.2609375 0.16406250000000006 0.3421875 0.18906250000000005 0.3421875
2 0.421875 0.5421875 0.39531250000000007 0.5421875 0.39531250000000007 0.640625 0.421875 0.640625
2 0.36718750000000006 0.3609375 0.3515625 0.3609375 0.35156250000000006 0.4546875 0.3671875000000001 0.4546875
2 0.4109375 0.29375000000000007 0.3921875 0.29375000000000007 0.3921875 0.3781250000000001 0.4109375 0.3781250000000001
2 0.715625 0.3781250000000001 0.6921875 0.3781250000000001 0.6921875 0.4796875 0.715625 0.4796875
2 0.55625 0.3781250000000001 0.5390625 0.3781250000000001 0.5390625 0.475 0.55625 0.475
2 0.36875 0.25781250000000006 0.3453125 0.2578125 0.3453125 0.34375000000000006 0.36875 0.3437500000000001
1 0.8671875 0.3921875000000001 0.8484375 0.3921875000000001 0.8484375 0.5031250000000002 0.8671875 0.5031250000000002
2 0.6 0.56875 0.584375 0.56875 0.584375 0.678125 0.6 0.678125
2 0.4453125 0.3125000000000001 0.425 0.3125000000000001 0.425 0.3968750000000001 0.4453125 0.3968750000000001
2 0.3781250000000001 0.40625 0.3578125000000001 0.40625 0.3578125000000001 0.5046875 0.3781250000000001 0.5046875
2 0.68125 0.4703125 0.6546875 0.4703125 0.6546875 0.5765625 0.68125 0.5765625
2 0.690625 0.5578125 0.6734375 0.5578125 0.6734375 0.66875 0.690625 0.66875