2 0.38906250000000003 0.3625000000000001 0.3671875 0.3625000000000001 0.36718750000000006 0.4578125 0.3890625000000001 0.4578125
2 0.284375 0.2578125 0.2578125 0.2578125 0.2578125 0.3421875 0.284375 0.3421875
2 0.36406250000000007 0.484375 0.3453125000000001 0.484375 0.3453125000000001 0.5859375 0.36406250000000007 0.5859375
2 0.4296875 0.5859375 0.4078125 0.5859375 0.4078125 0.6953125 0.4296875 0.6953125
2 0.5125000000000001 0.65 0.49375 0.65 0.4937500000000001 0.759375 0.5125000000000002 0.759375
2 0.9484375 0.5500000000000002 0.9203125 0.5500000000000002 0.9203125 0.6656250000000001 0.9484375 0.6656250000000001
2 0.9015625 0.4828125000000002 0.8765625 0.4828125000000002 0.8765625 0.5859375000000002 0.9015625 0.5859375000000002
2 0.7828125 0.3421875000000001 0.7640625 0.3421875000000001 0.7640625 0.42968750000000017 0.7828125 0.42968750000000017
2 0.6546875 0.4828125 0.6359375 0.4828125 0.6359375 0.5921875 0.6546875 0.5921875
2 0.85625 0.4359375000000002 0.825 0.4359375000000002 0.825 0.5328125000000001 0.85625 0.5328125000000001
2 0.678125 0.2531250000000001 0.6640625 0.2531250000000001 0.6640625 0.34062500000000007 0.678125 0.34062500000000007
2 0.66875 0.17343750000000008 0.6515625 0.17343750000000008 0.6515625 0.2531250000000001 0.66875 0.2531250000000001
3 0.6921875 0.4171875 0.6703125 0.4171875 0.6703125 0.521875 0.6921875 0.521875
2 0.65625 0.3843750000000001 0.640625 0.3843750000000001 0.640625 0.478125 0.65625 0.478125
2 0.6828125 0.35625000000000007 0.6640625 0.35625000000000007 0.6640625 0.446875 0.6828125 0.446875
2 0.809375 0.6421875000000001 0.7875 0.6421875000000001 0.7875000000000001 0.7593750000000001 0.809375 0.7593750000000001
2 0.2015625000000001 0.5484375 0.17343750000000008 0.5484375 0.17343750000000008 0.6578125 0.2015625000000001 0.6578125