2 0.3906250000000001 0.7265625 0.3515625000000001 0.7265625 0.3515625000000001 0.8546875 0.3906250000000001 0.8546875
2 0.4187500000000002 0.771875 0.3781250000000001 0.771875 0.3781250000000001 0.884375 0.4187500000000002 0.884375
0 0.38750000000000007 0.696875 0.3765625000000001 0.696875 0.3765625000000001 0.71875 0.38750000000000007 0.71875
3 0.2359375 0.221875 0.2109375 0.221875 0.2109375 0.3421875 0.2359375 0.3421875
2 0.07187500000000006 0.48125 0.037500000000000054 0.48125 0.03750000000000007 0.6109375 0.07187500000000006 0.6109375
2 0.3734375 0.10781250000000005 0.3484375 0.10781250000000005 0.3484375 0.21875000000000006 0.3734375 0.21875000000000008
2 0.050000000000000024 0.1109375 0.021875000000000012 0.1109375 0.02187500000000002 0.2328125 0.050000000000000024 0.2328125
2 0.2640625000000001 0.4546875 0.2218750000000001 0.4546875 0.2218750000000001 0.5796875 0.2640625000000001 0.5796875
2 0.934375 0.33281250000000007 0.90625 0.33281250000000007 0.90625 0.45625000000000016 0.934375 0.45625000000000016
2 0.80625 0.3609375000000001 0.771875 0.3609375000000001 0.771875 0.48437500000000017 0.80625 0.48437500000000017
2 0.4875 0.04843750000000006 0.465625 0.04843750000000006 0.465625 0.15781250000000005 0.4875 0.15781250000000005
3 0.5984375000000002 0.88125 0.5546875000000002 0.88125 0.5546875000000002 1 0.5984375000000002 1
2 0.7109375 8.562960040913134e-17 0.6875 8.419446744138054e-17 0.6875 0.04375000000000009 0.7109375 0.04375000000000009