2 0.4484375 0.5796875 0.4171875 0.5796875 0.4171875 0.7046875 0.4484375 0.7046875
2 0.25468750000000007 0.55 0.22656250000000008 0.55 0.22656250000000008 0.678125 0.25468750000000007 0.678125
2 0.3203125 0.05625000000000004 0.2953125 0.05625000000000004 0.2953125 0.15000000000000005 0.3203125 0.15000000000000005
2 0.3859375000000001 0.7484375 0.3390625000000001 0.7484375 0.3390625000000001 0.896875 0.3859375000000001 0.896875
2 0.4343750000000002 0.7328125 0.40625000000000017 0.7328125 0.40625000000000017 0.8609375 0.4343750000000002 0.8609375
2 0.384375 0.10937500000000004 0.3671875 0.10937500000000004 0.3671875 0.2015625000000001 0.384375 0.2015625000000001
2 0.4953125 5.903180274014976e-17 0.46875 5.740531871003217e-17 0.46875 0.08125000000000007 0.4953125 0.08125000000000007
3 0.037500000000000054 0.3953125 0.006250000000000047 0.3953125 0.006250000000000056 0.5125 0.03750000000000007 0.5125
2 0.6921875000000001 0.7171875 0.6578125 0.7171875 0.6578125000000001 0.8453125 0.6921875000000002 0.8453125
2 0.834375 0.5171875000000001 0.8 0.5171875000000001 0.8 0.6453125000000002 0.834375 0.6453125000000002
2 0.08906250000000003 0.21875 0.06093750000000002 0.21875 0.06093750000000003 0.33125 0.08906250000000004 0.33125
2 0.853125 0.3578125000000001 0.825 0.3578125000000001 0.825 0.4734375000000002 0.853125 0.4734375000000002
2 0.49531250000000016 0.8109375 0.46093750000000017 0.8109375 0.46093750000000017 0.959375 0.49531250000000016 0.959375
2 0.846875 0.21875000000000008 0.81875 0.21875000000000008 0.81875 0.3218750000000001 0.846875 0.3218750000000001
2 0.921875 0.5109375000000002 0.8765625 0.5109375000000002 0.8765625 0.6281250000000002 0.921875 0.6281250000000002