2 0.484375 0.5265625 0.4375 0.5265625 0.4375 0.625 0.484375 0.625
0 0.3312500000000001 0.4390625 0.3078125000000001 0.4390625 0.3078125000000001 0.46875 0.3312500000000001 0.46875
2 0.34062500000000007 0.3796875 0.30937500000000007 0.3796875 0.30937500000000007 0.459375 0.34062500000000007 0.459375
3 0.6796875 0.3703125000000001 0.659375 0.3703125000000001 0.659375 0.4671875 0.6796875 0.4671875
2 0.5734375 0.17968750000000008 0.5515625 0.17968750000000008 0.5515625 0.2671875000000001 0.5734375 0.2671875000000001
2 0.10781250000000005 0.334375 0.09218750000000005 0.334375 0.09218750000000005 0.43125 0.10781250000000005 0.43125
2 0.9171875 0.5750000000000002 0.8953125 0.5750000000000002 0.8953125 0.6921875000000002 0.9171875 0.6921875000000002
2 0.703125 0.3031250000000001 0.68125 0.3031250000000001 0.68125 0.38750000000000007 0.703125 0.38750000000000007
2 0.640625 0.403125 0.6234375 0.403125 0.6234375 0.496875 0.640625 0.496875
2 0.3609375000000001 0.4 0.3375000000000001 0.4 0.3375000000000001 0.48125 0.3609375000000001 0.48125
2 0.5359375 0.6015625 0.5171875 0.6015625 0.5171875 0.7046875 0.5359375 0.7046875
2 0.55625 0.2500000000000001 0.5359375 0.2500000000000001 0.5359375 0.34062500000000007 0.55625 0.34062500000000007
2 0.8734375 0.4203125000000002 0.8484375 0.4203125000000002 0.8484375 0.5234375000000002 0.8734375 0.5234375000000002
2 0.453125 0.30156250000000007 0.428125 0.30156250000000007 0.428125 0.403125 0.453125 0.403125
2 0.465625 0.2843750000000001 0.4421875 0.2843750000000001 0.4421875 0.3906250000000001 0.465625 0.3906250000000001
2 0.94375 0.5390625000000002 0.9203125 0.5390625000000002 0.9203125 0.6687500000000002 0.94375 0.6687500000000002
2 0.9546875 0.5062500000000002 0.93125 0.5062500000000002 0.93125 0.6250000000000002 0.9546875 0.6250000000000002