0 0.27031250000000007 0.4375 0.2593750000000001 0.4375 0.2593750000000001 0.453125 0.27031250000000007 0.453125
2 0.5984375 0.38750000000000007 0.5640625 0.38750000000000007 0.5640625 0.49375 0.5984375 0.49375
3 0.7125 0.057812500000000086 0.690625 0.057812500000000086 0.690625 0.1359375000000001 0.7125 0.1359375000000001
2 0.2375000000000001 0.5578125 0.20312500000000008 0.5578125 0.20312500000000008 0.671875 0.2375000000000001 0.671875
2 0.6890625 0.4265625 0.6671875 0.4265625 0.6671875 0.540625 0.6890625 0.540625
2 0.4421875 0.3437500000000001 0.4109375 0.3437500000000001 0.4109375 0.45 0.4421875 0.45
2 0.8265625 0.2375000000000001 0.80625 0.2375000000000001 0.80625 0.3312500000000001 0.8265625 0.3312500000000001
1 0.04218750000000005 0.3640625 0.0015625000000000443 0.3640625 0.0015625000000000504 0.45625 0.04218750000000006 0.45625
2 0.471875 0.5484375 0.44375 0.5484375 0.44375 0.6234375 0.471875 0.6234375
2 0.5765625 0.5 0.559375 0.5 0.559375 0.6125 0.5765625 0.6125
2 0.4265625 0.3984375000000001 0.4046875 0.3984375000000001 0.4046875 0.5015625 0.4265625 0.5015625
2 0.7921875 0.6437500000000002 0.7734375 0.6437500000000002 0.7734375000000001 0.7718750000000002 0.7921875000000002 0.7718750000000002
2 0.3656250000000001 0.50625 0.3203125000000001 0.50625 0.3203125000000001 0.571875 0.3656250000000001 0.571875
2 0.3906250000000001 0.4734375 0.3593750000000001 0.4734375 0.3593750000000001 0.584375 0.3906250000000001 0.584375
2 0.6203125 0.621875 0.5984375 0.621875 0.5984375000000001 0.75 0.6203125000000002 0.75
2 0.4375 0.5640625 0.4125 0.5640625 0.4125 0.68125 0.4375 0.68125
2 0.6625 0.5765625 0.640625 0.5765625 0.640625 0.7 0.6625 0.7
2 0.34843750000000007 0.4546875 0.3312500000000001 0.4546875 0.3312500000000001 0.521875 0.34843750000000007 0.521875
3 0.65 0.5296875 0.628125 0.5296875 0.628125 0.603125 0.65 0.603125