2 0.0390625000000001 0.7046875 0.014062500000000089 0.7046875 0.014062500000000094 0.825 0.0390625000000001 0.825
2 0.58125 0.65 0.55625 0.65 0.5562500000000001 0.75625 0.5812500000000002 0.75625
2 0.434375 0.2968750000000001 0.415625 0.2968750000000001 0.415625 0.3781250000000001 0.434375 0.3781250000000001
2 0.2296875 0.24375 0.20625 0.24375 0.20625 0.321875 0.2296875 0.321875
2 0.51875 0.4453125 0.5 0.4453125 0.5 0.5453125 0.51875 0.5453125
2 0.2531250000000001 0.3765625 0.23437500000000008 0.3765625 0.23437500000000008 0.4734375 0.2531250000000001 0.4734375
3 0.490625 0.3578125000000001 0.471875 0.3578125000000001 0.471875 0.4546875 0.490625 0.4546875
2 0.16562500000000005 0.384375 0.14375000000000004 0.384375 0.14375000000000004 0.4796875 0.16562500000000005 0.4796875
2 0.31875000000000003 0.328125 0.290625 0.328125 0.290625 0.4234375 0.3187500000000001 0.4234375
2 0.6859375 0.4921875 0.6609375 0.4921875 0.6609375 0.596875 0.6859375 0.596875
2 0.6578125 0.4203125 0.6375 0.4203125 0.6375 0.5171875 0.6578125 0.5171875
2 0.8328125 0.6312500000000002 0.8078125 0.6312500000000002 0.8078125 0.7500000000000002 0.8328125 0.7500000000000002
2 0.26875000000000004 0.3015625 0.2421875 0.3015625 0.24218750000000006 0.390625 0.2687500000000001 0.390625
2 0.7625 0.4906250000000002 0.7375 0.4906250000000002 0.7375 0.5968750000000002 0.7625 0.5968750000000002
2 0.4046875 0.2812500000000001 0.3671875 0.2812500000000001 0.36718750000000006 0.3656250000000001 0.4046875 0.3656250000000001
0 0.3046875 0.3203125 0.2953125 0.3203125 0.2953125 0.3375 0.3046875 0.3375
2 0.6828125 0.4125 0.6546875 0.4125 0.6546875 0.5125 0.6828125 0.5125
2 0.4109375 0.2765625000000001 0.3875 0.2765625000000001 0.3875 0.3500000000000001 0.4109375 0.3500000000000001