2 0.8359375 0.6031250000000001 0.7984375 0.6031250000000001 0.7984375 0.7203125000000001 0.8359375 0.7203125000000001
2 0.4921875 0.3203125000000001 0.4640625 0.3203125000000001 0.4640625 0.4015625 0.4921875 0.4015625
2 0.6859375 0.5203125 0.65625 0.5203125 0.65625 0.63125 0.6859375 0.63125
3 0.4203125 0.3515625000000001 0.403125 0.3515625000000001 0.403125 0.4484375 0.4203125 0.4484375
2 0.38593750000000004 0.3296875000000001 0.3671875 0.3296875000000001 0.36718750000000006 0.4234375 0.3859375000000001 0.4234375
2 0.296875 0.2671875 0.265625 0.2671875 0.265625 0.33125 0.296875 0.33125
2 0.3234375 0.2734375 0.290625 0.2734375 0.290625 0.3546875 0.3234375 0.3546875
2 0.75625 0.4984375000000002 0.7359375 0.4984375000000002 0.7359375 0.6078125000000002 0.75625 0.6078125000000002
2 0.65 0.4 0.625 0.4 0.625 0.496875 0.65 0.496875
2 0.875 0.7781250000000002 0.8484375 0.7781250000000002 0.8484375 0.9046875 0.875 0.9046875
2 0.5859375 0.4375 0.5609375 0.4375 0.5609375 0.5265625 0.5859375 0.5265625
2 0.259375 0.265625 0.234375 0.265625 0.234375 0.3484375 0.259375 0.3484375
2 0.4265625 0.6046875 0.40625 0.6046875 0.40625 0.7078125 0.4265625 0.7078125
2 0.465625 0.4125 0.45 0.4125 0.45 0.509375 0.465625 0.509375
2 0.40625 0.23437500000000008 0.3796875 0.23437500000000008 0.3796875 0.2953125000000001 0.40625 0.2953125000000001
2 0.12656250000000005 0.340625 0.10156250000000004 0.340625 0.10156250000000004 0.4375 0.12656250000000005 0.4375
0 0.40625 0.2843750000000001 0.3953125 0.2843750000000001 0.3953125 0.2968750000000001 0.40625 0.2968750000000001