0 0.6515625 0.4234375 0.6421875 0.4234375 0.6421875 0.4390625 0.6515625 0.4390625
2 0.7359375000000001 0.6812500000000001 0.7 0.68125 0.7000000000000001 0.7968750000000001 0.7359375000000001 0.7968750000000002
2 0.2171875000000001 0.5234375 0.18906250000000005 0.5234375 0.18906250000000008 0.621875 0.2171875000000001 0.621875
2 0.525 0.3687500000000001 0.50625 0.3687500000000001 0.50625 0.45 0.525 0.45
2 0.8890625 0.4312500000000002 0.8640625 0.4312500000000002 0.8640625 0.5328125000000001 0.8890625 0.5328125000000001
2 0.10781250000000006 0.4765625 0.08281250000000007 0.4765625 0.08281250000000007 0.571875 0.10781250000000009 0.571875
2 0.3546875 0.259375 0.3265625 0.259375 0.3265625 0.3421875 0.3546875 0.3421875
2 0.18906250000000005 0.2921875 0.16093750000000004 0.2921875 0.16093750000000004 0.375 0.18906250000000005 0.375
2 0.13125000000000003 0.3140625 0.10937500000000004 0.3140625 0.10937500000000004 0.4046875 0.13125000000000003 0.4046875
2 0.3796875 0.2515625 0.3546875 0.2515625 0.3546875 0.33125000000000004 0.3796875 0.3312500000000001
2 0.018750000000000027 0.1859375 2.27707764216461e-17 0.1859375 2.7937255105548996e-17 0.2703125 0.018750000000000034 0.2703125