2 0.7046875000000001 0.740625 0.6734375000000001 0.740625 0.6734375000000001 0.8609375 0.7046875000000001 0.8609375
2 0.515625 0.6 0.49375 0.6 0.49375 0.7109375 0.515625 0.7109375
2 0.053125000000000054 0.4078125 0.028125000000000046 0.4078125 0.028125000000000056 0.5015625 0.05312500000000007 0.5015625
2 0.590625 0.459375 0.5703125 0.459375 0.5703125 0.55625 0.590625 0.55625
2 0.2609375000000001 0.646875 0.2328125000000001 0.646875 0.2328125000000001 0.7546875 0.2609375000000001 0.7546875
2 0.646875 0.5578125 0.625 0.5578125 0.625 0.6671875 0.646875 0.6671875
2 0.10156250000000008 0.6265625 0.08281250000000007 0.6265625 0.08281250000000008 0.7375 0.10156250000000008 0.7375
2 0.3593750000000001 0.4453125 0.3437500000000001 0.4453125 0.3437500000000001 0.54375 0.3593750000000001 0.54375
2 0.3 0.2890625 0.2703125 0.2890625 0.2703125 0.3609375 0.3 0.3609375
2 0.6734375000000001 0.640625 0.6484375 0.640625 0.6484375000000001 0.7546875 0.6734375000000001 0.7546875
2 0.6265625 0.459375 0.60625 0.459375 0.60625 0.5625 0.6265625 0.5625
3 0.2656250000000001 0.3984375 0.24375000000000008 0.3984375 0.24375000000000008 0.5 0.2656250000000001 0.5
1 0.9796875 0.4343750000000002 0.9578125 0.4343750000000002 0.9578125 0.5500000000000002 0.9796875 0.5500000000000002
2 0.18437500000000004 0.2421875 0.16875000000000004 0.2421875 0.16875000000000004 0.3265625 0.18437500000000004 0.3265625
2 0.2015625 0.25 0.18437500000000004 0.25 0.18437500000000004 0.3359375 0.2015625 0.3359375
2 0.34843750000000007 0.278125 0.315625 0.278125 0.31562500000000004 0.3640625 0.34843750000000007 0.3640625
2 0.34843750000000007 0.3109375 0.328125 0.3109375 0.32812500000000006 0.365625 0.34843750000000007 0.365625
0 0.4265625 0.3000000000000001 0.4140625 0.3000000000000001 0.4140625 0.31718750000000007 0.4265625 0.31718750000000007
2 0.35781250000000003 0.3453125 0.3171875 0.3453125 0.31718750000000007 0.4375 0.3578125000000001 0.4375