2 0.2390625 0.2609375 0.2140625 0.2609375 0.2140625 0.3359375 0.2390625 0.3359375
2 0.3359375000000001 0.6265625 0.3109375000000001 0.6265625 0.3109375000000001 0.734375 0.3359375000000001 0.734375
2 0.2250000000000001 0.746875 0.19687500000000008 0.746875 0.19687500000000008 0.85625 0.2250000000000001 0.85625
2 0.7359375 0.5140625000000001 0.7 0.5140625 0.7 0.6046875 0.7359375 0.6046875000000002
2 0.4453125 0.4953125 0.4234375 0.4953125 0.4234375 0.5765625 0.4453125 0.5765625
2 0.2593750000000001 0.3921875 0.2406250000000001 0.3921875 0.2406250000000001 0.4921875 0.2593750000000001 0.4921875
2 0.8796875 0.6421875000000001 0.8453125 0.6421875000000001 0.8453125 0.7531250000000002 0.8796875 0.7531250000000002
2 0.4609375 0.3046875000000001 0.4359375 0.3046875000000001 0.4359375 0.3828125000000001 0.4609375 0.3828125000000001
2 0.696875 0.58125 0.6671875 0.58125 0.6671875 0.690625 0.696875 0.690625
0 0.25625 0.315625 0.24375 0.315625 0.24375 0.3515625 0.25625 0.3515625
2 0.31250000000000006 0.296875 0.284375 0.296875 0.28437500000000004 0.3734375 0.3125000000000001 0.3734375
2 0.15937500000000004 0.3453125 0.13906250000000003 0.3453125 0.13906250000000003 0.4296875 0.15937500000000004 0.4296875
2 0.784375 0.5156250000000002 0.7578125 0.5156250000000002 0.7578125 0.6218750000000002 0.784375 0.6218750000000002
2 0.8421875 0.6890625000000001 0.8109375 0.6890625000000001 0.8109375 0.8046875 0.8421875 0.8046875
2 0.07968750000000006 0.484375 0.05156250000000007 0.484375 0.05156250000000007 0.5765625 0.07968750000000006 0.5765625
3 0.446875 0.43125 0.428125 0.43125 0.428125 0.5 0.446875 0.5
2 0.7515625 0.46093750000000017 0.7296875 0.46093750000000017 0.7296875 0.5625000000000002 0.7515625 0.5625000000000002
2 0.07343750000000007 0.5453125 0.04375000000000007 0.5453125 0.043750000000000074 0.6546875 0.07343750000000009 0.6546875
2 0.6468750000000001 0.671875 0.625 0.671875 0.6250000000000001 0.784375 0.6468750000000002 0.784375