2 0.22187500000000004 0.3359375 0.18750000000000006 0.3359375 0.18750000000000006 0.43125 0.2218750000000001 0.43125
2 0.3281250000000001 0.7734375 0.2921875000000001 0.7734375 0.2921875000000001 0.9078125 0.3281250000000001 0.9078125
2 0.6796875 0.3421875000000001 0.65 0.3421875000000001 0.65 0.4421875 0.6796875 0.4421875
2 0.8453125 0.3843750000000001 0.8140625 0.3843750000000001 0.8140625 0.47656250000000017 0.8453125 0.47656250000000017
2 0.3234375000000001 0.5375 0.3000000000000001 0.5375 0.3000000000000001 0.65625 0.3234375000000001 0.65625
2 0.4953125 0.2453125000000001 0.4671875 0.2453125000000001 0.4671875 0.3343750000000001 0.4953125 0.3343750000000001
2 0.9390625 0.3218750000000001 0.9234375 0.3218750000000001 0.9234375 0.4234375000000002 0.9390625 0.4234375000000002
2 0.79375 0.5828125000000002 0.7703125 0.5828125000000002 0.7703125 0.7046875000000001 0.79375 0.7046875000000001
3 0.9515625 0.4734375000000002 0.9234375 0.4734375000000002 0.9234375 0.5984375000000002 0.9515625 0.5984375000000002
2 0.4125 0.2500000000000001 0.378125 0.2500000000000001 0.378125 0.3125000000000001 0.4125 0.3125000000000001
2 0.503125 0.3515625000000001 0.4796875 0.3515625000000001 0.4796875 0.453125 0.503125 0.453125
2 0.95 0.4515625000000002 0.9125 0.4515625000000002 0.9125 0.5593750000000002 0.95 0.5593750000000002
2 0.6390625000000002 0.915625 0.6125000000000002 0.915625 0.6125000000000002 1 0.6390625000000002 1
2 0.6937500000000002 0.9515625 0.6703125000000002 0.9515625 0.6703125000000002 1 0.6937500000000002 1