0 0.421875 0.63125 0.4125 0.63125 0.4125 0.6515625 0.421875 0.6515625
2 0.775 0.37968750000000007 0.74375 0.37968750000000007 0.74375 0.5015625000000001 0.775 0.5015625000000001
2 0.2906250000000001 0.4953125 0.24375000000000008 0.4953125 0.24375000000000008 0.6140625 0.2906250000000001 0.6140625
2 0.42968750000000017 0.7328125 0.3890625000000001 0.7328125 0.3890625000000001 0.8796875 0.42968750000000017 0.8796875
2 0.3703125 0.11562500000000005 0.346875 0.11562500000000005 0.346875 0.22343750000000004 0.3703125 0.2234375000000001
2 0.4828125 0.057812500000000065 0.4625 0.057812500000000065 0.4625 0.16718750000000004 0.4828125 0.16718750000000004
2 0.9125 0.3546875000000001 0.8875 0.3546875000000001 0.8875 0.4781250000000002 0.9125 0.4781250000000002
3 0.2421875 0.2359375 0.2171875 0.2359375 0.2171875 0.3578125 0.2421875 0.3578125
2 0.042187500000000024 0.1203125 0.014062500000000016 0.1203125 0.014062500000000023 0.2421875 0.04218750000000003 0.2421875
2 0.05000000000000008 0.515625 0.02031250000000006 0.515625 0.02031250000000007 0.65 0.050000000000000086 0.65
3 0.5921875000000002 0.8953125 0.5578125000000002 0.8953125 0.5578125000000002 0.99375 0.5921875000000002 0.99375
2 0.7171875 8.639500465859842e-17 0.69375 8.495987169084762e-17 0.69375 0.05937500000000009 0.7171875 0.05937500000000009