3 0.1859375000000001 0.5828125 0.1531250000000001 0.5828125 0.1531250000000001 0.6921875 0.1859375000000001 0.6921875
2 0.18437500000000012 0.825 0.15625000000000008 0.825 0.1562500000000001 0.95625 0.18437500000000012 0.95625
2 0.13437500000000005 0.1890625 0.10156250000000004 0.1890625 0.10156250000000004 0.265625 0.13437500000000005 0.265625
2 0.459375 0.2750000000000001 0.44375 0.2750000000000001 0.44375 0.3625000000000001 0.459375 0.3625000000000001
2 0.059375000000000046 0.275 0.03437500000000003 0.275 0.03437500000000004 0.3625 0.059375000000000046 0.3625
2 0.06562500000000007 0.5375 0.03593750000000007 0.5375 0.035937500000000074 0.6546875 0.06562500000000009 0.6546875
2 0.3515625000000001 0.5828125 0.3218750000000001 0.5828125 0.3218750000000001 0.6890625 0.3515625000000001 0.6890625
2 0.3046875000000001 0.4734375 0.2812500000000001 0.4734375 0.2812500000000001 0.5796875 0.3046875000000001 0.5796875
2 0.646875 0.5703125 0.625 0.5703125 0.625 0.675 0.646875 0.675
2 0.9375 0.4937500000000002 0.9140625 0.4937500000000002 0.9140625 0.6031250000000001 0.9375 0.6031250000000001
2 0.815625 0.7765625000000002 0.7953125000000002 0.7765625000000002 0.7953125000000002 0.9015625 0.815625 0.9015625
2 0.7171875000000002 0.7359375 0.6921875000000002 0.7359375 0.6921875000000002 0.8625 0.7171875000000002 0.8625
2 0.4390625 0.44375 0.41875 0.44375 0.41875 0.5484375 0.4390625 0.5484375
2 0.7171875 0.17343750000000008 0.7 0.17343750000000008 0.7 0.2500000000000001 0.7171875 0.2500000000000001
3 0.171875 0.1171875 0.13125 0.1171875 0.13125 0.1453125 0.171875 0.1453125
0 0.30937500000000007 0.4171875 0.2968750000000001 0.4171875 0.2968750000000001 0.4328125 0.30937500000000007 0.4328125