0 0.5765625 0.525 0.56875 0.525 0.56875 0.5390625 0.5765625 0.5390625
2 0.2687500000000001 0.625 0.23437500000000008 0.625 0.23437500000000008 0.7265625 0.2687500000000001 0.7265625
2 0.3437500000000001 0.5578125 0.30937500000000007 0.5578125 0.30937500000000007 0.6484375 0.3437500000000001 0.6484375
2 0.4828125 0.3812500000000001 0.4515625 0.3812500000000001 0.4515625 0.4625 0.4828125 0.4625
2 0.4546875 0.3625000000000001 0.428125 0.3625000000000001 0.428125 0.440625 0.4546875 0.440625
2 0.4421875 0.49375 0.4125 0.49375 0.4125 0.584375 0.4421875 0.584375
2 0.5609375 0.4625 0.521875 0.4625 0.521875 0.54375 0.5609375 0.54375
3 0.7515625 0.5390625000000001 0.7234375 0.5390625 0.7234375 0.6359375 0.7515625 0.6359375000000002
2 0.55625 0.553125 0.521875 0.553125 0.521875 0.6328125 0.55625 0.6328125
2 0.39531250000000007 0.6375 0.37187500000000007 0.6375 0.37187500000000007 0.753125 0.39531250000000007 0.753125
1 0.16250000000000006 0.5296875 0.14062500000000006 0.5296875 0.14062500000000006 0.6390625 0.1625000000000001 0.6390625
2 0.5359375 0.30937500000000007 0.5171875 0.30937500000000007 0.5171875 0.3843750000000001 0.5359375 0.3843750000000001
2 0.6968750000000001 0.8328125 0.6703125000000002 0.8328125 0.6703125000000002 0.9578125 0.6968750000000001 0.9578125
3 0.5015625 0.2765625000000001 0.4734375 0.2765625000000001 0.4734375 0.3500000000000001 0.5015625 0.3500000000000001
2 0.3906250000000001 0.56875 0.3593750000000001 0.56875 0.3593750000000001 0.665625 0.3906250000000001 0.665625
2 0.2953125000000001 0.6765625 0.27031250000000007 0.6765625 0.27031250000000007 0.7734375 0.2953125000000001 0.7734375
2 0.946875 0.5000000000000002 0.928125 0.5000000000000002 0.928125 0.5906250000000002 0.946875 0.5906250000000002
2 0.828125 0.35625000000000007 0.809375 0.35625000000000007 0.809375 0.44062500000000016 0.828125 0.44062500000000016
2 0.7515625000000001 0.6656250000000001 0.728125 0.6656250000000001 0.7281250000000001 0.7765625000000002 0.7515625000000001 0.7765625000000002