0 0.3421875000000001 0.45625 0.3312500000000001 0.45625 0.3312500000000001 0.471875 0.3421875000000001 0.471875
2 0.19375000000000003 0.3109375 0.16875000000000004 0.3109375 0.16875000000000004 0.3953125 0.19375000000000003 0.3953125
2 0.40156250000000016 0.8125 0.3765625000000001 0.8125 0.3765625000000001 0.9375 0.40156250000000016 0.9375
2 0.7468750000000002 0.8078125 0.7218750000000002 0.8078125 0.7218750000000002 0.928125 0.7468750000000002 0.928125
2 0.35625000000000007 0.6078125 0.3312500000000001 0.6078125 0.3312500000000001 0.7109375 0.35625000000000007 0.7109375
2 0.15937500000000007 0.5234375 0.14062500000000006 0.5234375 0.14062500000000006 0.621875 0.1593750000000001 0.621875
2 0.2718750000000001 0.521875 0.2468750000000001 0.521875 0.2468750000000001 0.6265625 0.2718750000000001 0.6265625
2 0.59375 0.528125 0.5703125 0.528125 0.5703125 0.625 0.59375 0.625
2 0.5062500000000001 0.6796875 0.4859375 0.6796875 0.4859375000000001 0.79375 0.5062500000000002 0.79375
1 0.9578125 0.46875000000000017 0.9390625 0.46875000000000017 0.9390625 0.5828125000000002 0.9578125 0.5828125000000002
2 0.4625 0.46875 0.4375 0.46875 0.4375 0.5546875 0.4625 0.5546875
3 0.06250000000000008 0.5609375 0.025000000000000067 0.5609375 0.02500000000000007 0.66875 0.06250000000000008 0.66875
2 0.4828125 0.503125 0.4671875 0.503125 0.4671875 0.5828125 0.4828125 0.5828125
2 0.4921875 0.528125 0.4765625 0.528125 0.4765625 0.61875 0.4921875 0.61875