2 0.490625 0.515625 0.4625 0.515625 0.4625 0.6203125 0.490625 0.6203125
2 0.9734375 0.6781250000000002 0.93125 0.6781250000000002 0.93125 0.7937500000000002 0.9734375 0.7937500000000002
2 0.20000000000000004 0.2953125 0.17500000000000004 0.2953125 0.17500000000000004 0.3875 0.2000000000000001 0.3875
2 0.215625 0.20625 0.19375000000000003 0.20625 0.19375000000000003 0.2859375 0.215625 0.2859375
2 0.5875 0.2531250000000001 0.55625 0.2531250000000001 0.55625 0.3312500000000001 0.5875 0.3312500000000001
2 0.3828125000000001 0.4796875 0.3546875000000001 0.4796875 0.3546875000000001 0.5828125 0.3828125000000001 0.5828125
2 0.746875 0.3500000000000001 0.728125 0.3500000000000001 0.728125 0.4421875000000002 0.746875 0.4421875000000002
2 0.1390625000000001 0.7078125 0.11093750000000009 0.7078125 0.11093750000000009 0.8234375 0.1390625000000001 0.8234375
2 0.27812500000000007 0.4671875 0.26250000000000007 0.4671875 0.26250000000000007 0.5640625 0.27812500000000007 0.5640625
2 0.434375 0.30937500000000007 0.409375 0.30937500000000007 0.409375 0.3984375000000001 0.434375 0.3984375000000001
3 0.16718750000000004 0.4296875 0.14218750000000005 0.4296875 0.14218750000000005 0.53125 0.16718750000000004 0.53125
2 0.475 0.2953125000000001 0.453125 0.2953125000000001 0.453125 0.37968750000000007 0.475 0.37968750000000007
2 0.3453125 0.18125000000000005 0.325 0.18125000000000005 0.325 0.2625 0.3453125 0.2625
2 0.25781250000000006 0.3203125 0.2390625 0.3203125 0.23906250000000004 0.4046875 0.2578125000000001 0.4046875
0 0.69375 0.3203125000000001 0.6796875 0.3203125000000001 0.6796875 0.3437500000000001 0.69375 0.3437500000000001
2 0.696875 0.2562500000000001 0.66875 0.2562500000000001 0.66875 0.3312500000000001 0.696875 0.3312500000000001
2 0.3750000000000001 0.9703125 0.3625000000000001 0.9703125 0.3625000000000001 1 0.3750000000000001 1