0 0.3656250000000001 0.4484375 0.3593750000000001 0.4484375 0.3593750000000001 0.4609375 0.3656250000000001 0.4609375
2 0.81875 0.7921875000000002 0.7843750000000002 0.7921875000000002 0.7843750000000002 0.9078125 0.81875 0.9078125
2 0.5921875 0.3031250000000001 0.5640625 0.3031250000000001 0.5640625 0.37187500000000007 0.5921875 0.37187500000000007
2 0.3531250000000001 0.5390625 0.3281250000000001 0.5390625 0.3281250000000001 0.640625 0.3531250000000001 0.640625
2 0.5984375 0.4921875 0.5703125 0.4921875 0.5703125 0.5796875 0.5984375 0.5796875
2 0.06562500000000007 0.49375 0.046875000000000056 0.49375 0.04687500000000006 0.5859375 0.06562500000000007 0.5859375
2 0.5546875 0.440625 0.525 0.440625 0.525 0.5265625 0.5546875 0.5265625
2 0.965625 0.6593750000000002 0.9375 0.6593750000000002 0.9375 0.7703125000000002 0.965625 0.7703125000000002
2 0.8484375 0.5703125000000002 0.8265625 0.5703125000000002 0.8265625 0.6703125000000002 0.8484375 0.6703125000000002
3 0.6328125 0.51875 0.6046875 0.51875 0.6046875 0.621875 0.6328125 0.621875
2 0.9625 0.4265625000000002 0.940625 0.4265625000000002 0.940625 0.5171875000000001 0.9625 0.5171875000000001
2 1 0.4421875000000002 0.9921875 0.4421875000000002 0.9921875 0.5312500000000002 1 0.5312500000000002