2 0.5171875 0.4703125 0.4984375 0.4703125 0.4984375 0.565625 0.5171875 0.565625
2 0.6296875000000002 0.7484375 0.6046875000000002 0.7484375 0.6046875000000002 0.871875 0.6296875000000002 0.871875
2 0.13125000000000006 0.48125 0.10937500000000004 0.48125 0.10937500000000007 0.578125 0.1312500000000001 0.578125
2 0.059375000000000046 0.3578125 0.034375000000000044 0.3578125 0.03437500000000005 0.44375 0.059375000000000046 0.44375
2 0.5734375 0.2750000000000001 0.5546875 0.2750000000000001 0.5546875 0.3500000000000001 0.5734375 0.3500000000000001
2 0.23437500000000008 0.50625 0.2171875000000001 0.50625 0.2171875000000001 0.5953125 0.23437500000000008 0.5953125
2 0.2562500000000001 0.6390625 0.23437500000000008 0.6390625 0.23437500000000008 0.753125 0.2562500000000001 0.753125
2 0.21875000000000008 0.6609375 0.19687500000000008 0.6609375 0.19687500000000008 0.7734375 0.21875000000000008 0.7734375
0 0.721875 0.4546875 0.70625 0.4546875 0.70625 0.4953125 0.721875 0.4953125
2 0.734375 0.41093750000000007 0.709375 0.4109375 0.709375 0.4953125000000001 0.734375 0.49531250000000016
2 0.15625000000000014 0.9359375 0.12656250000000013 0.9359375 0.12656250000000013 1 0.15625000000000014 1