2 0.4328125 0.5546875 0.4 0.5546875 0.4 0.6640625 0.4328125 0.6640625
2 0.3125000000000001 0.3671875 0.2906250000000001 0.3671875 0.2906250000000001 0.459375 0.3125000000000001 0.459375
2 0.042187500000000114 0.8703125 1.0658254173829309e-16 0.8703125 1.1366253104586372e-16 0.9859375 0.04218750000000012 0.9859375
2 0.1062500000000001 0.653125 0.06875000000000009 0.653125 0.06875000000000009 0.75 0.1062500000000001 0.75
2 0.8359375 0.31718750000000007 0.8171875 0.31718750000000007 0.8171875 0.40625000000000017 0.8359375 0.40625000000000017
2 0.815625 0.5750000000000002 0.784375 0.5750000000000002 0.784375 0.6890625000000001 0.815625 0.6890625000000001
2 0.7984375 0.2250000000000001 0.78125 0.2250000000000001 0.78125 0.3046875000000001 0.7984375 0.3046875000000001
3 0.45625 0.4078125 0.43125 0.4078125 0.43125 0.515625 0.45625 0.515625
2 0.15937500000000004 0.275 0.12968750000000004 0.275 0.12968750000000004 0.3609375 0.15937500000000004 0.3609375
2 0.6765625 0.39531250000000007 0.6515625 0.39531250000000007 0.6515625 0.4890625 0.6765625 0.4890625
2 0.690625 0.4046875 0.6703125 0.4046875 0.6703125 0.496875 0.690625 0.496875
2 0.515625 0.3890625000000001 0.484375 0.3890625000000001 0.484375 0.4859375 0.515625 0.4859375
2 0.5234375 0.3703125000000001 0.4984375 0.3703125000000001 0.4984375 0.4515625 0.5234375 0.4515625
2 0.07187500000000005 0.4125 0.050000000000000044 0.4125 0.05000000000000006 0.5140625 0.07187500000000006 0.5140625
2 0.7015625 0.2500000000000001 0.68125 0.2500000000000001 0.68125 0.30156250000000007 0.7015625 0.30156250000000007
2 0.28125 0.19843750000000004 0.2609375 0.19843750000000004 0.2609375 0.2921875 0.28125 0.2921875
2 0.7015625 0.3062500000000001 0.684375 0.3062500000000001 0.684375 0.3906250000000001 0.7015625 0.3906250000000001
3 0.18281250000000002 0.15937500000000002 0.1578125 0.159375 0.15781250000000002 0.2484375 0.18281250000000004 0.2484375
0 0.3781250000000001 0.5484375 0.3703125000000001 0.5484375 0.3703125000000001 0.5625 0.3781250000000001 0.5625
2 0.16406250000000006 0.33125 0.14375000000000004 0.33125 0.14375000000000004 0.425 0.16406250000000006 0.425