0 0.434375 0.17031250000000003 0.425 0.17031250000000003 0.425 0.18750000000000006 0.434375 0.18750000000000006
2 0.5046875 0.2765625000000001 0.4859375 0.2765625000000001 0.4859375 0.3750000000000001 0.5046875 0.3750000000000001
3 0.8296875 0.5031250000000002 0.803125 0.5031250000000002 0.803125 0.6281250000000002 0.8296875 0.6281250000000002
2 0.6296875 0.4796875 0.6046875 0.4796875 0.6046875 0.5921875 0.6296875 0.5921875
2 0.80625 0.6562500000000002 0.76875 0.6562500000000002 0.76875 0.7906250000000001 0.80625 0.7906250000000001
2 0.409375 0.4984375 0.3937500000000001 0.4984375 0.3937500000000001 0.6109375 0.409375 0.6109375
2 0.421875 0.3968750000000001 0.4 0.3968750000000001 0.4 0.5109375 0.421875 0.5109375
2 0.746875 0.2250000000000001 0.728125 0.2250000000000001 0.728125 0.31718750000000007 0.746875 0.31718750000000007
2 0.9703125 0.4343750000000002 0.95 0.4343750000000002 0.95 0.5437500000000002 0.9703125 0.5437500000000002
2 0.440625 0.59375 0.415625 0.59375 0.415625 0.703125 0.440625 0.703125
2 0.56875 0.2921875000000001 0.55 0.2921875000000001 0.55 0.3937500000000001 0.56875 0.3937500000000001
2 0.2812500000000001 0.571875 0.2578125000000001 0.571875 0.2578125000000001 0.6921875 0.2812500000000001 0.6921875
1 0.05000000000000006 0.3515625 0.018750000000000044 0.3515625 0.01875000000000005 0.465625 0.050000000000000065 0.465625
2 0.478125 0.35625000000000007 0.45625 0.35625000000000007 0.45625 0.45625 0.478125 0.45625
3 0.7 0.05937500000000009 0.671875 0.05937500000000009 0.671875 0.1437500000000001 0.7 0.1437500000000001
2 0.6484375 0.5953125 0.6203125 0.5953125 0.6203125 0.7234375 0.6484375 0.7234375
2 0.6609375 0.38750000000000007 0.6390625 0.38750000000000007 0.6390625 0.4921875 0.6609375 0.4921875
2 0.2593750000000001 0.60625 0.23593750000000008 0.60625 0.23593750000000008 0.7234375 0.2593750000000001 0.7234375
2 0.6046875 0.590625 0.5796875 0.590625 0.5796875 0.70625 0.6046875 0.70625
2 0.425 0.50625 0.4046875 0.50625 0.4046875 0.61875 0.425 0.61875