2 0.9484375 0.3218750000000001 0.921875 0.3218750000000001 0.921875 0.4343750000000002 0.9484375 0.4343750000000002
3 0.05937500000000005 0.4 0.03750000000000005 0.4 0.037500000000000054 0.5234375 0.05937500000000007 0.5234375
2 0.3140625 0.225 0.290625 0.225 0.290625 0.33125 0.3140625 0.33125
2 0.459375 0.3765625000000001 0.43125 0.3765625000000001 0.43125 0.49375 0.459375 0.49375
2 0.2656250000000001 0.3984375 0.23593750000000008 0.3984375 0.23593750000000008 0.515625 0.2656250000000001 0.515625
2 0.6984375 0.2578125000000001 0.6796875 0.2578125000000001 0.6796875 0.3609375000000001 0.6984375 0.3609375000000001
2 0.5875 0.06250000000000007 0.5703125 0.06250000000000007 0.5703125 0.1515625000000001 0.5875 0.1515625000000001
2 0.275 0.11562500000000005 0.2546875 0.11562500000000005 0.2546875 0.2140625 0.275 0.2140625
2 0.3000000000000001 0.6046875 0.2750000000000001 0.6046875 0.2750000000000001 0.7265625 0.3000000000000001 0.7265625
2 0.04531250000000009 0.6796875 0.012500000000000084 0.6796875 0.012500000000000091 0.809375 0.0453125000000001 0.809375
2 0.21250000000000008 0.740625 0.1859375000000001 0.740625 0.1859375000000001 0.8875 0.21250000000000008 0.8875
2 0.6312500000000001 0.7171875 0.603125 0.7171875 0.6031250000000001 0.85 0.6312500000000002 0.85
2 0.9703125 1.174895522931992e-16 0.9484375 1.1615009485663178e-16 0.9484375 0.0640625000000001 0.9703125 0.0640625000000001
2 0.0828125 0.014062500000000009 0.0578125 0.014062500000000006 0.0578125 0.075 0.0828125 0.075
0 0.6203125000000002 0.81875 0.6000000000000002 0.81875 0.6000000000000002 0.853125 0.6203125000000002 0.853125