2 0.4453125 0.5640625 0.4140625 0.5640625 0.4140625 0.6578125 0.4453125 0.6578125
2 0.634375 0.5453125 0.603125 0.5453125 0.603125 0.63125 0.634375 0.63125
3 0.7890625 0.5328125000000001 0.7640625 0.5328125000000001 0.7640625 0.6250000000000002 0.7890625 0.6250000000000002
2 0.2796875000000001 0.615625 0.2515625000000001 0.615625 0.2515625000000001 0.7234375 0.2796875000000001 0.7234375
2 0.39531250000000007 0.503125 0.3578125000000001 0.503125 0.3578125000000001 0.590625 0.39531250000000007 0.590625
2 0.584375 0.4734375 0.553125 0.4734375 0.553125 0.55625 0.584375 0.55625
2 0.2828125000000001 0.703125 0.25468750000000007 0.703125 0.25468750000000007 0.80625 0.2828125000000001 0.80625
0 0.4859375 0.41875 0.4703125 0.41875 0.4703125 0.4515625 0.4859375 0.4515625
2 0.5015625 0.3437500000000001 0.4734375 0.3437500000000001 0.4734375 0.4203125 0.5015625 0.4203125
2 0.96875 0.4906250000000002 0.9453125 0.4906250000000002 0.9453125 0.5812500000000002 0.96875 0.5812500000000002
2 0.7968750000000002 0.875 0.7593750000000001 0.875 0.7593750000000001 0.9984375 0.7968750000000002 0.9984375
2 0.546875 0.3515625000000001 0.528125 0.3515625000000001 0.528125 0.428125 0.546875 0.428125
2 0.853125 0.3468750000000001 0.83125 0.3468750000000001 0.83125 0.4265625000000002 0.853125 0.4265625000000002
2 0.3578125000000001 0.5546875 0.33281250000000007 0.5546875 0.33281250000000007 0.6515625 0.3578125000000001 0.6515625
2 0.7828125000000001 0.6656250000000001 0.7625 0.6656250000000001 0.7625000000000001 0.7812500000000002 0.7828125000000001 0.7812500000000002
1 0.16406250000000006 0.540625 0.14062500000000006 0.540625 0.14062500000000006 0.6515625 0.16406250000000008 0.6515625
2 0.3921875000000001 0.6609375 0.3671875000000001 0.6609375 0.3671875000000001 0.771875 0.3921875000000001 0.771875
2 0.4375 0.3156250000000001 0.4109375 0.3156250000000001 0.4109375 0.3984375000000001 0.4375 0.3984375000000001
3 0.5140625 0.2734375000000001 0.4890625 0.2734375000000001 0.4890625 0.3500000000000001 0.5140625 0.3500000000000001
2 0.55 0.29375000000000007 0.53125 0.29375000000000007 0.53125 0.37187500000000007 0.55 0.37187500000000007