3 0.796875 0.5250000000000001 0.753125 0.5250000000000001 0.753125 0.6421875000000001 0.796875 0.6421875000000001
2 0.6109375 0.49375 0.5890625 0.49375 0.5890625 0.6078125 0.6109375 0.6078125
2 0.3843750000000001 0.409375 0.3546875000000001 0.409375 0.3546875000000001 0.5234375 0.3843750000000001 0.5234375
2 0.696875 0.3984375000000001 0.675 0.3984375000000001 0.675 0.5140625 0.696875 0.5140625
2 0.7984375 0.2218750000000001 0.7796875 0.2218750000000001 0.7796875 0.3140625000000001 0.7984375 0.3140625000000001
2 0.496875 0.37187500000000007 0.46875 0.37187500000000007 0.46875 0.478125 0.496875 0.478125
2 0.2921875000000001 0.5265625 0.27031250000000007 0.5265625 0.27031250000000007 0.6375 0.2921875000000001 0.6375
3 0.7421875 0.05625000000000009 0.715625 0.05625000000000009 0.715625 0.13437500000000008 0.7421875 0.13437500000000008
2 0.28593750000000007 0.5859375 0.2515625000000001 0.5859375 0.2515625000000001 0.696875 0.28593750000000007 0.696875
2 0.4640625 0.5796875 0.4328125 0.5796875 0.4328125 0.696875 0.4640625 0.696875
2 0.6046875 0.3312500000000001 0.5859375 0.3312500000000001 0.5859375 0.4359375 0.6046875 0.4359375
2 0.7859375000000001 0.6359375000000002 0.7671875 0.6359375000000002 0.7671875000000001 0.7671875000000001 0.7859375000000002 0.7671875000000001
1 0.07656250000000005 0.3453125 0.04843750000000004 0.3453125 0.04843750000000005 0.4515625 0.07656250000000005 0.4515625
2 0.665625 0.5734375 0.64375 0.5734375 0.64375 0.6984375 0.665625 0.6984375
2 0.634375 0.596875 0.6125 0.596875 0.6125 0.725 0.634375 0.725
2 0.50625 0.30156250000000007 0.484375 0.30156250000000007 0.484375 0.40625 0.50625 0.40625
2 0.425 0.496875 0.39531250000000007 0.496875 0.39531250000000007 0.6140625 0.425 0.6140625
0 0.4046875 0.453125 0.3859375000000001 0.453125 0.3859375000000001 0.4828125 0.4046875 0.4828125
2 0.4703125 0.509375 0.4234375 0.509375 0.4234375 0.603125 0.4703125 0.603125