2 0.228125 0.2421875 0.209375 0.2421875 0.209375 0.328125 0.228125 0.328125
2 0.1687500000000001 0.6 0.14843750000000008 0.6 0.14843750000000008 0.7125 0.1687500000000001 0.7125
3 0.2234375000000001 0.3890625 0.20468750000000008 0.3890625 0.20468750000000008 0.49375 0.2234375000000001 0.49375
2 0.334375 0.2125 0.315625 0.2125 0.315625 0.29375 0.334375 0.29375
2 0.5453125 0.3656250000000001 0.5265625 0.3656250000000001 0.5265625 0.4578125 0.5453125 0.4578125
2 0.11250000000000004 0.3671875 0.08906250000000004 0.3671875 0.08906250000000006 0.465625 0.11250000000000004 0.465625
2 0.465625 0.3062500000000001 0.44375 0.3062500000000001 0.44375 0.3906250000000001 0.465625 0.3906250000000001
2 0.7125 0.3734375000000001 0.6765625 0.3734375000000001 0.6765625 0.475 0.7125 0.475
1 0.8828125 0.3890625000000001 0.8640625 0.3890625000000001 0.8640625 0.5000000000000002 0.8828125 0.5000000000000002
2 0.421875 0.5421875 0.39531250000000007 0.5421875 0.39531250000000007 0.6421875 0.421875 0.6421875
2 0.6953125 0.565625 0.6703125 0.565625 0.6703125 0.6703125 0.6953125 0.6703125
2 0.4328125 0.2828125000000001 0.4109375 0.2828125000000001 0.4109375 0.3656250000000001 0.4328125 0.3656250000000001
2 0.5890625 0.5703125 0.575 0.5703125 0.575 0.684375 0.5890625 0.684375
2 0.38750000000000007 0.409375 0.3656250000000001 0.409375 0.3656250000000001 0.503125 0.38750000000000007 0.503125
2 0.6796875 0.515625 0.6546875 0.515625 0.6546875 0.6234375 0.6796875 0.6234375
2 0.678125 0.4671875 0.6625 0.4671875 0.6625 0.559375 0.678125 0.559375
2 0.384375 0.3625000000000001 0.365625 0.3625000000000001 0.36562500000000003 0.4546875 0.3843750000000001 0.4546875
0 0.3703125 0.30156250000000007 0.3625 0.3015625 0.3625 0.31718750000000007 0.3703125 0.31718750000000007
2 0.4234375 0.2531250000000001 0.4125 0.2531250000000001 0.4125 0.3343750000000001 0.4234375 0.3343750000000001