2 0.14062500000000006 0.2765625 0.12187500000000004 0.2765625 0.12187500000000004 0.3671875 0.14062500000000006 0.3671875
0 0.2671875000000001 0.4671875 0.25468750000000007 0.4671875 0.25468750000000007 0.4890625 0.2671875000000001 0.4890625
2 0.2734375000000001 0.378125 0.2515625000000001 0.378125 0.2515625000000001 0.4828125 0.2734375000000001 0.4828125
2 0.3546875000000001 0.3765625 0.3359375000000001 0.3765625 0.3359375000000001 0.46875 0.3546875000000001 0.46875
2 0.4046875 0.5 0.3812500000000001 0.5 0.3812500000000001 0.5984375 0.4046875 0.5984375
2 0.7328125 0.2750000000000001 0.6953125 0.2750000000000001 0.6953125 0.3593750000000001 0.7328125 0.3593750000000001
2 0.9484375 0.4578125000000002 0.9296875 0.4578125000000002 0.9296875 0.5734375000000002 0.9484375 0.5734375000000002
2 0.809375 0.3312500000000001 0.7828125 0.3312500000000001 0.7828125 0.42968750000000017 0.809375 0.42968750000000017
2 0.5125 0.3000000000000001 0.490625 0.3000000000000001 0.490625 0.3968750000000001 0.5125 0.3968750000000001
2 0.828125 0.5046875000000002 0.7953125 0.5046875000000002 0.7953125 0.6046875000000002 0.828125 0.6046875000000002
2 0.5828125 0.11250000000000009 0.5671875 0.11250000000000009 0.5671875 0.1984375000000001 0.5828125 0.1984375000000001
2 0.93125 0.5265625000000002 0.90625 0.5265625000000002 0.90625 0.6390625000000002 0.93125 0.6390625000000002
2 0.021875000000000054 0.3796875 4.649830815512607e-17 0.3796875 5.319559533796316e-17 0.4890625 0.02187500000000006 0.4890625
2 0.625 0.2750000000000001 0.6078125 0.2750000000000001 0.6078125 0.3609375000000001 0.625 0.3609375000000001
2 0.553125 0.20312500000000008 0.5359375 0.20312500000000008 0.5359375 0.29375000000000007 0.553125 0.29375000000000007
2 0.821875 0.3500000000000001 0.803125 0.3500000000000001 0.803125 0.4515625000000002 0.821875 0.4515625000000002
2 0.2562500000000001 0.4734375 0.23437500000000008 0.4734375 0.23437500000000008 0.571875 0.2562500000000001 0.571875
3 0.671875 0.3281250000000001 0.65 0.3281250000000001 0.65 0.43125 0.671875 0.43125
2 0.65 0.3500000000000001 0.63125 0.3500000000000001 0.63125 0.4390625 0.65 0.4390625