2 0.4265625 0.3234375000000001 0.396875 0.3234375000000001 0.39687500000000003 0.41875 0.4265625 0.41875
2 0.70625 0.3984375000000001 0.68125 0.3984375000000001 0.68125 0.5015625 0.70625 0.5015625
2 0.27187500000000003 0.35625 0.253125 0.35625 0.25312500000000004 0.453125 0.2718750000000001 0.453125
2 0.653125 0.4125 0.634375 0.4125 0.634375 0.5109375 0.653125 0.5109375
2 0.6671875 0.49375 0.6453125 0.49375 0.6453125 0.5984375 0.6671875 0.5984375
3 0.4953125 0.3468750000000001 0.4703125 0.3468750000000001 0.4703125 0.44375 0.4953125 0.44375
2 0.10781250000000005 0.3703125 0.08906250000000004 0.3703125 0.08906250000000006 0.4625 0.10781250000000005 0.4625
2 0.5296875 0.4328125 0.509375 0.4328125 0.509375 0.53125 0.5296875 0.53125
2 0.04218750000000009 0.696875 0.018750000000000083 0.696875 0.018750000000000093 0.81875 0.0421875000000001 0.81875
2 0.3296875 0.3046875 0.3109375 0.3046875 0.31093750000000003 0.39375 0.3296875000000001 0.39375
2 0.5640625000000001 0.6375 0.5421875 0.6375 0.5421875 0.7453125 0.5640625000000001 0.7453125
2 0.834375 0.6187500000000001 0.8125 0.6187500000000001 0.8125 0.7296875000000002 0.834375 0.7296875000000002
2 0.7640625 0.4906250000000002 0.7375 0.4906250000000002 0.7375 0.5968750000000002 0.7640625 0.5968750000000002
2 0.453125 0.2531250000000001 0.4296875 0.2531250000000001 0.4296875 0.3312500000000001 0.453125 0.3312500000000001
2 0.2375 0.2296875 0.221875 0.2296875 0.221875 0.315625 0.2375 0.315625
2 0.484375 0.2812500000000001 0.4625 0.2812500000000001 0.4625 0.3671875000000001 0.484375 0.3671875000000001
0 0.25 0.2984375 0.2390625 0.2984375 0.2390625 0.315625 0.25 0.315625
2 0.4890625 0.25468750000000007 0.4734375 0.25468750000000007 0.4734375 0.3031250000000001 0.4890625 0.3031250000000001