2 0.2 0.1609375 0.1796875 0.1609375 0.17968750000000003 0.25 0.2 0.25
2 0.5265625 0.06718750000000007 0.5015625 0.06718750000000007 0.5015625 0.14531250000000004 0.5265625 0.14531250000000004
2 0.6453125 0.3859375000000001 0.603125 0.3859375000000001 0.603125 0.4953125 0.6453125 0.4953125
2 0.5078125000000001 0.6125 0.475 0.6125 0.4750000000000001 0.7359375 0.5078125000000002 0.7359375
2 0.18125000000000005 0.3234375 0.15781250000000005 0.3234375 0.15781250000000005 0.425 0.18125000000000005 0.425
2 0.8640625 0.1984375000000001 0.840625 0.1984375000000001 0.840625 0.2968750000000001 0.8640625 0.2968750000000001
2 0.09531250000000008 0.5703125 0.07500000000000007 0.5703125 0.07500000000000008 0.6921875 0.09531250000000009 0.6921875
2 0.5843750000000001 0.66875 0.565625 0.66875 0.565625 0.7953125 0.5843750000000002 0.7953125
2 0.4265625 0.4703125 0.40625 0.4703125 0.40625 0.5703125 0.4265625 0.5703125
2 0.8359375 0.5859375000000002 0.8125 0.5859375000000002 0.8125 0.7109375000000002 0.8359375 0.7109375000000002
2 0.026562500000000117 0.9421875 1.1538469060716468e-16 0.9421875 1.188290097297666e-16 0.9984375 0.02656250000000012 0.9984375
0 0.421875 0.5921875 0.4140625 0.5921875 0.4140625 0.609375 0.421875 0.609375