2 0.1984375000000001 0.6671875 0.1593750000000001 0.6671875 0.1593750000000001 0.7921875 0.1984375000000001 0.7921875
2 0.8890625 0.2609375000000001 0.8671875 0.2609375000000001 0.8671875 0.3625000000000001 0.8890625 0.3625000000000001
2 0.65625 0.3765625000000001 0.6234375 0.3765625000000001 0.6234375 0.4921875 0.65625 0.4921875
2 0.3750000000000001 0.70625 0.3500000000000001 0.70625 0.3500000000000001 0.85 0.3750000000000001 0.85
2 0.4359375000000001 0.6203125 0.3859375000000001 0.6203125 0.3859375000000001 0.74375 0.4359375000000002 0.74375
2 0.2734375 0.021875000000000033 0.253125 0.021875000000000033 0.253125 0.12031250000000004 0.2734375 0.12031250000000004
3 0.22812500000000008 0.39375 0.2015625000000001 0.39375 0.2015625000000001 0.5203125 0.22812500000000008 0.5203125
2 0.49375 0.2250000000000001 0.4703125 0.2250000000000001 0.4703125 0.33281250000000007 0.49375 0.33281250000000007
2 0.80625 0.7156250000000002 0.771875 0.7156250000000002 0.7718750000000001 0.8484375 0.80625 0.8484375
2 0.07187500000000005 0.3609375 0.04062500000000004 0.3609375 0.04062500000000005 0.4703125 0.07187500000000006 0.4703125
2 0.4625 0.11718750000000004 0.4390625 0.11718750000000004 0.4390625 0.2156250000000001 0.4625 0.2156250000000001
2 0.7828125 0.0671875000000001 0.7625 0.0671875000000001 0.7625 0.15781250000000008 0.7828125 0.15781250000000008
2 0.43125 0.3921875000000001 0.4109375 0.3921875000000001 0.4109375 0.5046875 0.43125 0.5046875
2 0.15625000000000003 0.1515625 0.1296875 0.1515625 0.1296875 0.2578125 0.15625000000000006 0.2578125
2 0.0359375000000001 0.7640625 0.003125000000000093 0.7640625 0.0031250000000001012 0.9 0.03593750000000011 0.9
0 0.7296875000000002 0.8328125 0.7187500000000002 0.8328125 0.7187500000000002 0.859375 0.7296875000000002 0.859375