0 0.6015625 0.5375 0.5921875 0.5375 0.5921875 0.5546875 0.6015625 0.5546875
2 0.5937500000000001 0.64375 0.55625 0.64375 0.5562500000000001 0.7375 0.5937500000000002 0.7375
2 0.3625000000000001 0.58125 0.3375000000000001 0.58125 0.3375000000000001 0.671875 0.3625000000000001 0.671875
2 0.5531250000000002 0.7359375 0.5109375000000002 0.7359375 0.5109375000000002 0.846875 0.5531250000000002 0.846875
2 0.7921875 0.5078125000000002 0.7703125 0.5078125000000002 0.7703125 0.6046875000000002 0.7921875 0.6046875000000002
2 0.4546875 0.4015625 0.4296875 0.4015625 0.4296875 0.4953125 0.4546875 0.4953125
3 0.9359375 0.5453125000000002 0.9046875 0.5453125000000002 0.9046875 0.6500000000000001 0.9359375 0.6500000000000001
2 0.840625 0.6125000000000002 0.81875 0.6125000000000002 0.81875 0.7046875000000001 0.840625 0.7046875000000001
2 0.6890625 0.425 0.6671875 0.425 0.6671875 0.5171875 0.6890625 0.5171875
2 0.6703125 0.4375 0.646875 0.4375 0.646875 0.5375 0.6703125 0.5375
1 0.20312500000000008 0.4828125 0.17500000000000004 0.4828125 0.17500000000000007 0.5921875 0.20312500000000008 0.5921875
2 0.2921875000000001 0.625 0.27031250000000007 0.625 0.27031250000000007 0.71875 0.2921875000000001 0.71875
2 0.7390625 0.3375000000000001 0.7171875 0.3375000000000001 0.7171875 0.4218750000000001 0.7390625 0.42187500000000017
2 0.5015625 0.5546875 0.478125 0.5546875 0.478125 0.653125 0.5015625 0.653125
2 0.46875 0.553125 0.4375 0.553125 0.4375 0.65 0.46875 0.65
2 0.6625 0.3156250000000001 0.64375 0.3156250000000001 0.64375 0.4046875 0.6625 0.4046875
3 0.7609375 0.2015625000000001 0.7296875 0.2015625000000001 0.7296875 0.29375000000000007 0.7609375 0.29375000000000007