2 0.521875 0.4703125 0.484375 0.4703125 0.484375 0.5796875 0.521875 0.5796875
0 0.3437500000000001 0.46875 0.3312500000000001 0.46875 0.3312500000000001 0.49375 0.3437500000000001 0.49375
2 0.3671875000000001 0.37968750000000007 0.3359375000000001 0.3796875 0.3359375000000001 0.484375 0.3671875000000001 0.484375
2 0.2796875000000001 0.6984375 0.2531250000000001 0.6984375 0.2531250000000001 0.834375 0.2796875000000001 0.834375
2 0.7984375 0.3984375000000001 0.771875 0.3984375000000001 0.771875 0.5000000000000002 0.7984375 0.5000000000000002
2 0.4265625 0.3531250000000001 0.3984375 0.3531250000000001 0.39843750000000006 0.45625 0.4265625 0.45625
2 0.65625 0.24218750000000008 0.634375 0.24218750000000008 0.634375 0.3515625000000001 0.65625 0.3515625000000001
2 0.9609375 0.6968750000000001 0.9328125 0.6968750000000001 0.9328125 0.834375 0.9609375 0.834375
2 0.7109375 0.3468750000000001 0.684375 0.3468750000000001 0.684375 0.4515625 0.7109375 0.4515625
2 0.921875 0.13125000000000012 0.89375 0.1312500000000001 0.89375 0.2312500000000001 0.921875 0.2312500000000001
2 0.15312500000000004 0.24375 0.13125000000000003 0.24375 0.13125000000000003 0.35625 0.15312500000000004 0.35625
2 0.88125 0.7656250000000002 0.85 0.7656250000000002 0.85 0.9 0.88125 0.9
2 0.7125 0.2296875000000001 0.69375 0.2296875000000001 0.69375 0.3390625000000001 0.7125 0.3390625000000001
2 0.8859375 0.5453125000000002 0.865625 0.5453125000000002 0.865625 0.6734375000000001 0.8859375 0.6734375000000001
3 0.153125 0.115625 0.109375 0.115625 0.10937500000000003 0.190625 0.15312500000000004 0.190625
3 1 0.4203125000000002 0.984375 0.4203125000000002 0.984375 0.5421875000000002 1 0.5421875000000002