2 0.20625000000000004 0.31875 0.18125000000000005 0.31875 0.18125000000000005 0.4078125 0.2062500000000001 0.4078125
2 0.7359375 0.4781250000000001 0.7171875 0.478125 0.7171875 0.5843750000000001 0.7359375 0.5843750000000002
2 0.6984375 0.49375 0.678125 0.49375 0.678125 0.5953125 0.6984375 0.5953125
2 0.11093750000000005 0.434375 0.08906250000000004 0.434375 0.08906250000000006 0.528125 0.11093750000000005 0.528125
2 0.37187500000000007 0.32500000000000007 0.340625 0.325 0.34062500000000007 0.38750000000000007 0.37187500000000007 0.38750000000000007
2 0.1828125000000001 0.6390625 0.16406250000000008 0.6390625 0.16406250000000008 0.75 0.1828125000000001 0.75
0 0.3875 0.30937500000000007 0.3765625 0.30937500000000007 0.3765625 0.3390625000000001 0.3875 0.3390625000000001
2 0.390625 0.23593750000000008 0.375 0.23593750000000008 0.375 0.3203125000000001 0.390625 0.3203125000000001
2 0.5750000000000001 0.6375 0.55625 0.6375 0.5562500000000001 0.75 0.5750000000000002 0.75
2 0.7734375 0.5796875000000001 0.7421875 0.5796875000000001 0.7421875 0.6937500000000002 0.7734375 0.6937500000000002
2 0.3046875000000001 0.671875 0.2875000000000001 0.671875 0.2875000000000001 0.78125 0.3046875000000001 0.78125
2 0.8703125 0.853125 0.8421875 0.853125 0.8421875 0.9796875 0.8703125 0.9796875
2 0.4265625 0.2578125000000001 0.4 0.2578125000000001 0.4 0.3359375000000001 0.4265625 0.3359375000000001
2 0.4765625 0.32500000000000007 0.4515625 0.32500000000000007 0.4515625 0.3984375000000001 0.4765625 0.3984375000000001
2 0.403125 0.35625000000000007 0.38125 0.35625000000000007 0.38125000000000003 0.44375 0.403125 0.44375
2 0.8140625 0.6640625000000002 0.7921875 0.6640625000000002 0.7921875 0.7828125000000001 0.8140625 0.7828125000000001
3 0.41875 0.4296875 0.4 0.4296875 0.4 0.53125 0.41875 0.53125
2 0.428125 0.4703125 0.403125 0.4703125 0.403125 0.5734375 0.428125 0.5734375