2 0.5875 0.55 0.5671875 0.55 0.5671875 0.653125 0.5875 0.653125
2 0.746875 0.29375000000000007 0.73125 0.29375000000000007 0.73125 0.3687500000000001 0.746875 0.3687500000000001
2 0.9625 0.4468750000000002 0.93125 0.4468750000000002 0.93125 0.5484375000000001 0.9625 0.5484375000000001
2 0.7109375 0.428125 0.69375 0.428125 0.69375 0.5234375 0.7109375 0.5234375
2 0.3656250000000001 0.38906250000000003 0.34062500000000007 0.3890625 0.34062500000000007 0.4765625 0.3656250000000001 0.4765625
3 0.7375 0.3890625000000001 0.7125 0.3890625000000001 0.7125 0.4859375000000001 0.7375 0.4859375000000002
2 0.96875 0.5890625000000002 0.94375 0.5890625000000002 0.94375 0.7046875000000001 0.96875 0.7046875000000001
2 0.61875 0.2515625000000001 0.5921875 0.2515625000000001 0.5921875 0.3421875000000001 0.61875 0.3421875000000001
2 0.3859375000000001 0.459375 0.3656250000000001 0.459375 0.3656250000000001 0.5546875 0.3859375000000001 0.5546875
2 0.5859375000000001 0.6453125 0.5671875 0.6453125 0.5671875000000001 0.7546875 0.5859375000000002 0.7546875
2 0.6109375 0.2062500000000001 0.5890625 0.2062500000000001 0.5890625 0.2718750000000001 0.6109375 0.2718750000000001
2 0.16250000000000003 0.3453125 0.14687500000000003 0.3453125 0.14687500000000003 0.4421875 0.16250000000000003 0.4421875
2 0.984375 0.44843750000000016 0.965625 0.44843750000000016 0.965625 0.5484375000000001 0.984375 0.5484375000000001
2 0.41875 0.30156250000000007 0.3875 0.30156250000000007 0.38750000000000007 0.38750000000000007 0.41875 0.38750000000000007