2 0.721875 0.7 0.65625 0.7 0.6562500000000001 0.8140625 0.7218750000000002 0.8140625
2 0.69375 0.478125 0.6421875 0.478125 0.6421875 0.6046875 0.69375 0.6046875
2 0.5640625000000001 0.6890625 0.5203125 0.6890625 0.5203125000000001 0.80625 0.5640625000000001 0.80625
2 0.2515625 0.359375 0.2234375 0.359375 0.22343750000000004 0.471875 0.2515625000000001 0.471875
2 0.6359375 0.10156250000000008 0.6125 0.10156250000000008 0.6125 0.2078125000000001 0.6359375 0.2078125000000001
2 0.896875 0.4671875000000002 0.8546875 0.4671875000000002 0.8546875 0.6000000000000002 0.896875 0.6000000000000002
2 0.6296875 0.24218750000000008 0.609375 0.24218750000000008 0.609375 0.3453125000000001 0.6296875 0.3453125000000001
2 0.37031250000000004 0.31718750000000007 0.3484375 0.3171875 0.34843750000000007 0.4296875 0.3703125000000001 0.4296875
2 0.054687500000000014 0.014062500000000002 0.021875 0.0140625 0.021875000000000006 0.10625 0.05468750000000002 0.10625
2 0.04843750000000001 4.11404784088564e-18 0.01875 2.296212748401287e-18 0.018750000000000003 0.0625 0.04843750000000001 0.0625
2 0.221875 2.5832393419514485e-17 0.2 2.4492935982947065e-17 0.2 0.023437500000000024 0.221875 0.023437500000000028
0 0.6906250000000002 0.8171875 0.6734375000000001 0.8171875 0.6734375000000001 0.8515625 0.6906250000000002 0.8515625