2 0.503125 0.3593750000000001 0.48125 0.3593750000000001 0.48125 0.453125 0.503125 0.453125
2 0.5640625 0.27031250000000007 0.540625 0.27031250000000007 0.540625 0.3437500000000001 0.5640625 0.3437500000000001
2 0.4671875 0.19843750000000004 0.4453125 0.19843750000000004 0.4453125 0.27031250000000007 0.4671875 0.27031250000000007
2 0.3890625000000001 0.46875 0.3734375000000001 0.46875 0.3734375000000001 0.565625 0.3890625000000001 0.565625
2 0.2390625 0.253125 0.2109375 0.253125 0.2109375 0.3421875 0.2390625 0.3421875
2 0.2812500000000001 0.6921875 0.26250000000000007 0.6921875 0.26250000000000007 0.80625 0.2812500000000001 0.80625
2 0.6546875 0.37187500000000007 0.6375 0.37187500000000007 0.6375 0.459375 0.6546875 0.459375
2 0.5828125 0.5375 0.5625 0.5375 0.5625 0.64375 0.5828125 0.64375
2 0.5812500000000002 0.8921875 0.5593750000000002 0.8921875 0.5593750000000002 0.9984375 0.5812500000000002 0.9984375
2 0.628125 0.534375 0.6078125 0.534375 0.6078125 0.64375 0.628125 0.64375
3 0.28593750000000007 0.4390625 0.2656250000000001 0.4390625 0.2656250000000001 0.540625 0.28593750000000007 0.540625
2 0.884375 0.3453125000000001 0.865625 0.3453125000000001 0.865625 0.43281250000000016 0.884375 0.43281250000000016
2 0.2765625 0.2625 0.2609375 0.2625 0.2609375 0.3390625 0.2765625 0.3390625
3 0.13593750000000002 0.15 0.1125 0.15 0.11250000000000002 0.228125 0.13593750000000004 0.228125
0 0.75625 0.2875000000000001 0.740625 0.2875000000000001 0.740625 0.31718750000000007 0.75625 0.31718750000000007
2 0.790625 0.23437500000000008 0.778125 0.23437500000000008 0.778125 0.3109375000000001 0.790625 0.3109375000000001
2 0.5453125 0.17343750000000008 0.51875 0.17343750000000005 0.51875 0.2578125000000001 0.5453125 0.2578125000000001