2 0.1671875000000001 0.653125 0.1453125000000001 0.653125 0.1453125000000001 0.7578125 0.1671875000000001 0.7578125
2 0.78125 0.5046875000000002 0.759375 0.5046875000000002 0.759375 0.6109375000000001 0.78125 0.6109375000000001
0 0.4734375 0.3156250000000001 0.4671875 0.3156250000000001 0.4671875 0.3281250000000001 0.4734375 0.3281250000000001
2 0.5328125 0.2484375000000001 0.5015625 0.2484375000000001 0.5015625 0.32500000000000007 0.5328125 0.32500000000000007
2 0.028125000000000084 0.634375 0.003125000000000078 0.634375 0.0031250000000000847 0.7484375 0.028125000000000087 0.7484375
2 0.91875 0.5343750000000002 0.89375 0.5343750000000002 0.89375 0.6453125000000002 0.91875 0.6453125000000002
2 0.2171875000000001 0.4140625 0.19062500000000004 0.4140625 0.19062500000000004 0.5046875 0.2171875000000001 0.5046875
2 0.21093750000000008 0.75 0.1843750000000001 0.75 0.1843750000000001 0.8703125 0.21093750000000008 0.8703125
2 0.11250000000000004 0.38125 0.08750000000000005 0.38125 0.08750000000000005 0.48125 0.11250000000000004 0.48125
2 0.521875 0.31718750000000007 0.4875 0.31718750000000007 0.4875 0.3984375000000001 0.521875 0.3984375000000001
2 0.265625 0.275 0.25 0.275 0.25 0.359375 0.265625 0.359375
2 0.4625 0.23593750000000008 0.434375 0.23593750000000008 0.434375 0.30937500000000007 0.4625 0.30937500000000007
2 0.5984375 0.409375 0.571875 0.409375 0.571875 0.5046875 0.5984375 0.5046875
2 0.7187500000000002 0.734375 0.7000000000000002 0.734375 0.7000000000000002 0.8578125 0.7187500000000002 0.8578125
2 0.6140625 0.2828125000000001 0.5890625 0.2828125000000001 0.5890625 0.3703125000000001 0.6140625 0.3703125000000001
2 0.4234375 0.2453125000000001 0.4015625 0.2453125000000001 0.4015625 0.3234375000000001 0.4234375 0.3234375000000001
2 0.46875 0.3046875000000001 0.4453125 0.3046875000000001 0.4453125 0.37187500000000007 0.46875 0.37187500000000007
2 0.978125 0.3968750000000001 0.9625 0.3968750000000001 0.9625 0.5000000000000002 0.978125 0.5000000000000002
3 0.3734375000000001 0.39531250000000007 0.3515625000000001 0.3953125 0.3515625000000001 0.4921875 0.3734375000000001 0.4921875
2 0.5953125 0.31718750000000007 0.56875 0.31718750000000007 0.56875 0.4015625 0.5953125 0.4015625
2 0.5359375 0.2515625000000001 0.515625 0.2515625000000001 0.515625 0.3296875000000001 0.5359375 0.3296875000000001