0 0.7109375 0.34843750000000007 0.7046875 0.34843750000000007 0.7046875 0.3625000000000001 0.7109375 0.3625000000000001
2 0.3921875000000001 0.465625 0.3625000000000001 0.465625 0.3625000000000001 0.5625 0.3921875000000001 0.5625
2 0.60625 0.2500000000000001 0.584375 0.2500000000000001 0.584375 0.3234375000000001 0.60625 0.3234375000000001
2 0.27031250000000007 0.28125 0.2328125 0.28125 0.23281250000000003 0.378125 0.27031250000000007 0.378125
3 0.2687500000000001 0.421875 0.2468750000000001 0.421875 0.2468750000000001 0.5265625 0.2687500000000001 0.5265625
2 0.4953125 0.490625 0.475 0.490625 0.475 0.59375 0.4953125 0.59375
2 0.23437500000000008 0.684375 0.2078125000000001 0.684375 0.2078125000000001 0.7984375 0.23437500000000008 0.7984375
2 0.346875 0.2015625 0.31875 0.2015625 0.31875 0.2796875 0.346875 0.2796875
2 0.81875 0.2453125000000001 0.790625 0.2453125000000001 0.790625 0.3234375000000001 0.81875 0.3234375000000001
2 0.571875 0.3187500000000001 0.55 0.3187500000000001 0.55 0.40625 0.571875 0.40625
2 0.33125000000000004 0.284375 0.30625 0.284375 0.30625 0.3734375 0.3312500000000001 0.3734375
2 0.8296875 0.3421875000000001 0.8078125 0.3421875000000001 0.8078125 0.43281250000000016 0.8296875 0.43281250000000016
2 0.5953125 0.5171875 0.5765625 0.5171875 0.5765625 0.6265625 0.5953125 0.6265625
3 0.05625000000000002 0.14375 0.034375000000000024 0.14375 0.03437500000000003 0.2296875 0.05625000000000002 0.2296875
2 0.6046875 0.3109375000000001 0.5859375 0.3109375000000001 0.5859375 0.3937500000000001 0.6046875 0.3937500000000001
2 0.471875 0.16718750000000004 0.453125 0.16718750000000004 0.453125 0.2515625000000001 0.471875 0.2515625000000001
2 0.5093750000000001 0.9203125 0.47968750000000016 0.9203125 0.47968750000000016 1 0.5093750000000001 1