3 0.10937500000000004 0.309375 0.07343750000000004 0.309375 0.07343750000000004 0.4171875 0.10937500000000004 0.4171875
2 0.3687500000000001 0.4265625 0.3343750000000001 0.4265625 0.3343750000000001 0.5421875 0.3687500000000001 0.5421875
2 0.259375 0.2859375 0.221875 0.2859375 0.22187500000000004 0.384375 0.2593750000000001 0.384375
2 0.5437500000000001 0.6578125 0.515625 0.6578125 0.5156250000000001 0.7828125 0.5437500000000002 0.7828125
2 0.44375 0.11562500000000005 0.4109375 0.11562500000000005 0.4109375 0.2062500000000001 0.44375 0.2062500000000001
2 0.42500000000000016 0.7765625 0.3750000000000001 0.7765625 0.3750000000000001 0.9171875 0.42500000000000016 0.9171875
2 0.6203125 0.35625000000000007 0.5875 0.35625000000000007 0.5875 0.465625 0.6203125 0.465625
2 0.3968750000000001 0.38750000000000007 0.3671875000000001 0.38750000000000007 0.3671875000000001 0.5 0.3968750000000001 0.5
2 0.021875000000000085 0.65 7.960204194457795e-17 0.65 8.696905784569875e-17 0.7703125 0.021875000000000096 0.7703125
2 0.6421875 0.40625 0.6171875 0.40625 0.6171875 0.5203125 0.6421875 0.5203125
2 0.159375 0.115625 0.1328125 0.115625 0.1328125 0.1578125 0.159375 0.1578125
0 0.43750000000000017 0.8734375 0.42187500000000017 0.8734375 0.42187500000000017 0.9 0.43750000000000017 0.9
2 0.6078125 0.2953125000000001 0.5859375 0.2953125000000001 0.5859375 0.4203125 0.6078125 0.4203125