2 0.4859375 0.5953125 0.4546875 0.5953125 0.4546875 0.6828125 0.4859375 0.6828125
2 0.3750000000000001 0.37812500000000004 0.34062500000000007 0.378125 0.34062500000000007 0.46875 0.3750000000000001 0.46875
2 0.6281250000000002 0.7703125 0.5875000000000001 0.7703125 0.5875000000000001 0.8921875 0.6281250000000002 0.8921875
2 0.24218750000000008 0.653125 0.2171875000000001 0.653125 0.2171875000000001 0.7703125 0.24218750000000008 0.7703125
2 0.421875 0.503125 0.3968750000000001 0.503125 0.3968750000000001 0.603125 0.421875 0.603125
2 0.7421875000000002 0.7703125000000001 0.7078125000000002 0.7703125 0.7078125000000002 0.9046875 0.7421875000000002 0.9046875
2 0.7046875000000001 0.715625 0.678125 0.715625 0.6781250000000001 0.8078125 0.7046875000000001 0.8078125
2 0.2843750000000001 0.4953125 0.2656250000000001 0.4953125 0.2656250000000001 0.5890625 0.2843750000000001 0.5890625
2 0.2984375000000001 0.690625 0.27031250000000007 0.690625 0.27031250000000007 0.8171875 0.2984375000000001 0.8171875
2 0.6000000000000002 0.734375 0.5656250000000002 0.734375 0.5656250000000002 0.85625 0.6000000000000002 0.85625
2 0.03437500000000004 0.2703125 3.3103733789451887e-17 0.2703125 3.865291459808834e-17 0.3609375 0.034375000000000044 0.3609375
2 0.2578125000000001 0.7484375 0.2484375000000001 0.7484375 0.2484375000000001 0.7734375 0.2578125000000001 0.7734375