3 0.7375 0.565625 0.69375 0.565625 0.69375 0.6718750000000001 0.7375 0.6718750000000002
2 0.6953125000000001 0.6875 0.6671875 0.6875 0.6671875 0.8 0.6953125000000002 0.8
0 0.4625 0.409375 0.45 0.409375 0.45 0.428125 0.4625 0.428125
2 0.490625 0.3312500000000001 0.45625 0.3312500000000001 0.45625 0.415625 0.490625 0.415625
2 0.4390625 0.48125 0.4109375 0.48125 0.4109375 0.578125 0.4390625 0.578125
2 0.8140625 0.3578125000000001 0.7765625 0.3578125000000001 0.7765625 0.4437500000000002 0.8140625 0.4437500000000002
3 0.465625 0.23593750000000008 0.4328125 0.23593750000000008 0.4328125 0.3203125000000001 0.465625 0.3203125000000001
2 0.3859375000000001 0.36406250000000007 0.3546875000000001 0.3640625 0.3546875000000001 0.45 0.3859375000000001 0.45
2 0.2296875000000001 0.575 0.18906250000000008 0.575 0.18906250000000008 0.6796875 0.2296875000000001 0.6796875
2 0.28593750000000007 0.68125 0.2609375000000001 0.68125 0.2609375000000001 0.7921875 0.28593750000000007 0.7921875
2 0.22812500000000008 0.5328125 0.2000000000000001 0.5328125 0.2000000000000001 0.6359375 0.22812500000000008 0.6359375