2 0.796875 0.4937500000000002 0.765625 0.4937500000000002 0.765625 0.6031250000000001 0.796875 0.6031250000000001
2 0.703125 0.50625 0.6734375 0.50625 0.6734375 0.6078125 0.703125 0.6078125
2 0.03125000000000009 0.678125 0.007812500000000083 0.678125 0.00781250000000009 0.7953125 0.0312500000000001 0.7953125
2 0.5703125 0.2921875000000001 0.5484375 0.2921875000000001 0.5484375 0.38750000000000007 0.5703125 0.38750000000000007
2 0.575 0.2328125000000001 0.55 0.2328125000000001 0.55 0.3046875000000001 0.575 0.3046875000000001
2 0.05625000000000004 0.33125 0.03750000000000005 0.33125 0.03750000000000005 0.4203125 0.05625000000000004 0.4203125
2 0.434375 0.2640625000000001 0.4171875 0.2640625000000001 0.4171875 0.33281250000000007 0.434375 0.33281250000000007
2 0.25312500000000004 0.3359375 0.234375 0.3359375 0.23437500000000006 0.428125 0.2531250000000001 0.428125
2 0.5578125 0.415625 0.5390625 0.415625 0.5390625 0.5125 0.5578125 0.5125
2 0.6828125 0.4203125 0.6625 0.4203125 0.6625 0.515625 0.6828125 0.515625
2 0.7375 0.3890625000000001 0.7171875 0.3890625000000001 0.7171875 0.4906250000000001 0.7375 0.4906250000000002
2 0.275 0.246875 0.253125 0.246875 0.253125 0.31875 0.275 0.31875
2 0.534375 0.621875 0.5140625 0.621875 0.5140625000000001 0.73125 0.5343750000000002 0.73125
2 0.38281250000000006 0.2906250000000001 0.365625 0.2906250000000001 0.36562500000000003 0.3812500000000001 0.3828125000000001 0.3812500000000001
2 0.8765625 0.6078125000000002 0.85625 0.6078125000000002 0.85625 0.7250000000000002 0.8765625 0.7250000000000002
2 1 0.828125 0.9828125 0.828125 0.9828125 0.9609375 1 0.9609375
3 0.528125 0.3437500000000001 0.5078125 0.3437500000000001 0.5078125 0.4390625 0.528125 0.4390625
2 0.5171875 0.3265625000000001 0.4984375 0.3265625000000001 0.4984375 0.3984375000000001 0.5171875 0.3984375000000001
0 0.296875 0.3125 0.2890625 0.3125 0.2890625 0.3265625 0.296875 0.3265625