2 0.2843750000000001 0.6484375 0.2515625000000001 0.6484375 0.2515625000000001 0.759375 0.2843750000000001 0.759375
2 0.08125000000000003 0.2703125 0.05312500000000002 0.2703125 0.05312500000000003 0.3625 0.08125000000000004 0.3625
2 0.3031250000000001 0.484375 0.2765625000000001 0.484375 0.2765625000000001 0.5984375 0.3031250000000001 0.5984375
2 0.690625 0.446875 0.6671875 0.446875 0.6671875 0.55625 0.690625 0.55625
2 0.5109375 0.38750000000000007 0.490625 0.38750000000000007 0.490625 0.490625 0.5109375 0.490625
2 0.07500000000000008 0.5359375 0.05468750000000007 0.5359375 0.054687500000000076 0.6578125 0.0750000000000001 0.6578125
2 0.3875 0.17343750000000005 0.3703125 0.17343750000000005 0.3703125 0.2640625000000001 0.3875 0.2640625000000001
2 0.0609375000000001 0.78125 0.0312500000000001 0.78125 0.031250000000000104 0.9171875 0.06093750000000011 0.9171875
2 0.18281250000000004 0.3375 0.15937500000000004 0.3375 0.15937500000000004 0.4453125 0.18281250000000004 0.4453125
2 0.4937500000000001 0.7078125 0.46875 0.7078125 0.4687500000000001 0.834375 0.4937500000000002 0.834375
2 0.8171875 0.0890625000000001 0.7984375 0.08906250000000009 0.7984375 0.1750000000000001 0.8171875 0.1750000000000001
2 0.15468750000000014 0.91875 0.13125000000000014 0.91875 0.13125000000000014 0.9984375 0.15468750000000014 0.9984375
0 0.4937500000000002 0.803125 0.4812500000000002 0.803125 0.4812500000000002 0.834375 0.4937500000000002 0.834375