2 0.4375000000000001 0.71875 0.421875 0.71875 0.4218750000000001 0.8359375 0.43750000000000017 0.8359375
2 0.15937500000000004 0.378125 0.14218750000000005 0.378125 0.14218750000000005 0.4703125 0.15937500000000004 0.4703125
2 0.3953125 0.26250000000000007 0.3765625 0.26250000000000007 0.3765625 0.3359375000000001 0.3953125 0.3359375000000001
2 0.03125000000000008 0.6265625 7.673177600907635e-17 0.6265625 8.37160897854636e-17 0.740625 0.03125000000000009 0.740625
2 0.6609375 0.2078125000000001 0.6453125 0.2078125000000001 0.6453125 0.28593750000000007 0.6609375 0.28593750000000007
2 0.35781250000000003 0.3390625 0.3375 0.3390625 0.3375 0.425 0.3578125000000001 0.425
2 0.5890625 0.5375 0.5671875 0.5375 0.5671875 0.6453125 0.5890625 0.6453125
2 0.671875 0.4203125 0.6515625 0.4203125 0.6515625 0.5234375 0.671875 0.5234375
2 0.5875000000000001 0.6484375 0.559375 0.6484375 0.5593750000000001 0.7609375 0.5875000000000001 0.7609375
2 0.5296875 0.3437500000000001 0.5109375 0.3437500000000001 0.5109375 0.4375 0.5296875 0.4375
2 0.7015625 0.5140625 0.6765625 0.5140625 0.6765625 0.621875 0.7015625 0.621875
2 0.15000000000000008 0.6625 0.1281250000000001 0.6625 0.1281250000000001 0.76875 0.15000000000000008 0.76875
2 0.3734375000000001 0.440625 0.3515625000000001 0.440625 0.3515625000000001 0.5359375 0.3734375000000001 0.5359375
0 0.478125 0.3109375000000001 0.4671875 0.3109375000000001 0.4671875 0.3359375000000001 0.478125 0.3359375000000001
2 0.49375 0.2593750000000001 0.471875 0.2593750000000001 0.471875 0.3296875000000001 0.49375 0.3296875000000001
3 0.2468750000000001 0.3671875 0.2250000000000001 0.3671875 0.2250000000000001 0.465625 0.2468750000000001 0.465625
1 0.9734375 0.40156250000000016 0.9546875 0.40156250000000016 0.9546875 0.5140625000000002 0.9734375 0.5140625000000002
2 0.509375 0.24375000000000008 0.496875 0.24375000000000008 0.496875 0.3281250000000001 0.509375 0.3281250000000001
2 0.03906250000000004 0.2515625 0.018750000000000034 0.2515625 0.018750000000000037 0.3546875 0.03906250000000004 0.3546875