2 0.6625000000000001 0.703125 0.6328125 0.703125 0.6328125000000001 0.83125 0.6625000000000002 0.83125
2 0.24687500000000004 0.35625 0.2234375 0.35625 0.22343750000000004 0.4640625 0.2468750000000001 0.4640625
2 0.271875 0.19062500000000004 0.2546875 0.19062500000000004 0.2546875 0.2796875 0.271875 0.2796875
2 0.9140625 0.6093750000000002 0.884375 0.6093750000000002 0.884375 0.7390625000000002 0.9140625 0.7390625000000002
2 0.934375 0.23437500000000008 0.903125 0.23437500000000008 0.903125 0.3296875000000001 0.934375 0.3296875000000001
2 0.5687500000000001 0.6484375 0.5390625 0.6484375 0.5390625000000001 0.775 0.5687500000000002 0.775
2 0.1703125000000001 0.590625 0.14843750000000008 0.590625 0.14843750000000008 0.696875 0.1703125000000001 0.696875
2 0.07500000000000005 0.4453125 0.051562500000000046 0.4453125 0.05156250000000005 0.559375 0.07500000000000007 0.559375
2 0.578125 0.09375000000000007 0.5609375 0.09375000000000007 0.5609375 0.17343750000000008 0.578125 0.17343750000000008
2 0.7046875 0.4078125 0.6765625 0.4078125 0.6765625 0.5234375 0.7046875 0.5234375
2 0.471875 0.50625 0.453125 0.50625 0.453125 0.60625 0.471875 0.60625
0 0.4640625 0.5796875 0.4515625 0.5796875 0.4515625 0.6046875 0.4640625 0.6046875