2 0.35625000000000007 0.5 0.32500000000000007 0.5 0.32500000000000007 0.6015625 0.35625000000000007 0.6015625
2 0.3656250000000001 0.39531250000000007 0.3390625000000001 0.3953125 0.3390625000000001 0.471875 0.3656250000000001 0.471875
0 0.2687500000000001 0.45625 0.2468750000000001 0.45625 0.2468750000000001 0.4828125 0.2687500000000001 0.4828125
2 0.2812500000000001 0.38125 0.2515625000000001 0.38125 0.2515625000000001 0.475 0.2812500000000001 0.475
2 0.4859375 0.559375 0.45625 0.559375 0.45625 0.653125 0.4859375 0.653125
2 0.10781250000000005 0.315625 0.08906250000000004 0.315625 0.08906250000000004 0.409375 0.10781250000000005 0.409375
2 0.546875 0.2953125000000001 0.528125 0.2953125000000001 0.528125 0.37968750000000007 0.546875 0.37968750000000007
2 0.8125 0.3703125000000001 0.8 0.3703125000000001 0.8 0.4656250000000002 0.8125 0.4656250000000002
3 0.6703125 0.3593750000000001 0.6515625 0.3593750000000001 0.6515625 0.4578125 0.6703125 0.4578125
2 0.634375 0.37968750000000007 0.6203125 0.37968750000000007 0.6203125 0.4703125 0.634375 0.4703125
2 0.8453125 0.3921875000000001 0.8265625 0.3921875000000001 0.8265625 0.4890625000000002 0.8453125 0.4890625000000002
2 0.7078125 0.3000000000000001 0.6890625 0.3000000000000001 0.6890625 0.3859375000000001 0.7078125 0.3859375000000001
2 0.94375 0.48437500000000017 0.9234375 0.48437500000000017 0.9234375 0.5968750000000002 0.94375 0.5968750000000002
2 0.9015625 0.5328125000000001 0.8796875 0.5328125000000001 0.8796875 0.6359375000000002 0.9015625 0.6359375000000002
2 0.91875 0.5578125000000002 0.896875 0.5578125000000002 0.896875 0.6750000000000002 0.91875 0.6750000000000002
2 0.5453125 0.2390625000000001 0.5265625 0.2390625000000001 0.5265625 0.3046875000000001 0.5453125 0.3046875000000001
2 0.503125 0.3140625000000001 0.48125 0.3140625000000001 0.48125 0.4078125 0.503125 0.4078125
2 0.5828125 0.15625000000000008 0.5515625 0.15625000000000008 0.5515625 0.2484375000000001 0.5828125 0.2484375000000001