3 0.775 0.58359375 0.04296875 0.11640625
2 0.6 0.55 0.02109375 0.1140625
2 0.36953125 0.465625 0.0296875 0.1140625
2 0.6859375 0.45625 0.02265625 0.115625
2 0.78828125 0.26796875 0.01875 0.09140625
2 0.48203125 0.425 0.028125 0.10546875
2 0.28125 0.58203125 0.021875 0.1109375
3 0.72890625 0.0953125 0.0265625 0.07890625
2 0.26875 0.640625 0.03515625 0.1109375
2 0.4484375 0.63828125 0.03046875 0.11796875
2 0.5953125 0.38359375 0.01953125 0.10546875
2 0.7765625 0.7015625 0.01953125 0.13046875
1 0.06171875 0.3984375 0.028125 0.10546875
2 0.65390625 0.6359375 0.021875 0.125
2 0.6234375 0.6609375 0.02265625 0.128125
2 0.4953125 0.35390625 0.02265625 0.10546875
2 0.41015625 0.5546875 0.03046875 0.1171875
0 0.3953125 0.4671875 0.01875 0.0296875
2 0.44609375 0.55625 0.046875 0.09296875