2 0.7828125 0.778125 0.025 0.11953125
2 0.421875 0.378125 0.03203125 0.08359375
2 0.834375 0.5203125 0.0203125 0.0984375
2 0.3015625 0.29375 0.0296875 0.07109375
2 0.471875 0.6953125 0.02265625 0.10703125
2 0.8765625 0.609375 0.03359375 0.1109375
2 0.803125 0.5921875 0.0265625 0.10390625
2 0.60234375 0.3609375 0.01875 0.08359375
2 0.359375 0.41953125 0.01953125 0.08359375
2 0.21640625 0.603125 0.028125 0.10703125
2 0.08125 0.4546875 0.01875 0.09609375
2 0.9546875 0.8328125 0.025 0.1265625
3 0.56484375 0.4828125 0.02109375 0.09609375
2 0.75 0.65546875 0.02421875 0.10546875
2 0.4203125 0.4734375 0.0203125 0.09140625
2 0.56875 0.55234375 0.02109375 0.0984375
2 0.33125 0.81640625 0.02421875 0.1109375
2 0.9609375 0.74453125 0.025 0.09453125
2 0.203125 0.54375 0.02265625 0.1015625
0 0.36796875 0.32421875 0.0125 0.03359375