0 0.596875 0.54609375 0.009375 0.01640625
2 0.57421875 0.690625 0.0375 0.09453125
2 0.34921875 0.62578125 0.025 0.090625
2 0.53203125 0.790625 0.0421875 0.1109375
2 0.78125 0.55546875 0.02265625 0.096875
2 0.4421875 0.4484375 0.025 0.09453125
3 0.9203125 0.59765625 0.03046875 0.10390625
2 0.82890625 0.65859375 0.021875 0.09140625
2 0.678125 0.47109375 0.02109375 0.09140625
2 0.65859375 0.4875 0.0234375 0.1
1 0.1890625 0.5375 0.028125 0.10859375
2 0.28125 0.671875 0.021875 0.09453125
2 0.728125 0.3796875 0.02109375 0.084375
2 0.4890625 0.603125 0.0234375 0.0984375
2 0.453125 0.6015625 0.03203125 0.096875
2 0.653125 0.359375 0.01953125 0.0890625
3 0.7453125 0.24765625 0.03046875 0.09140625