2 0.45078125 0.7734375 0.0265625 0.11640625
2 0.49609375 0.3015625 0.028125 0.078125
2 0.61953125 0.303125 0.01875 0.07890625
2 0.5453125 0.38125 0.03203125 0.090625
2 0.7953125 0.26171875 0.025 0.08203125
2 0.21484375 0.31953125 0.01875 0.071875
2 0.82421875 0.5765625 0.01875 0.10859375
2 0.534375 0.47890625 0.02109375 0.096875
2 0.240625 0.70390625 0.01875 0.10546875
2 0.69765625 0.72578125 0.028125 0.115625
2 0.734375 0.575 0.01953125 0.10546875
0 0.38984375 0.35625 0.01328125 0.0203125
2 0.4421875 0.28125 0.04140625 0.065625
3 0.40234375 0.4390625 0.025 0.096875
2 0.85078125 0.471875 0.021875 0.103125
2 0.428125 0.365625 0.02890625 0.065625
2 0.4734375 0.35390625 0.02109375 0.08359375
2 0.290625 0.2859375 0.02109375 0.075
2 0.1265625 0.659375 0.03984375 0.10546875