2 0.15625 0.70546875 0.02265625 0.10546875
2 0.7703125 0.5578125 0.02265625 0.10703125
0 0.4703125 0.321875 0.00703125 0.01328125
2 0.51640625 0.28671875 0.03125 0.0765625
2 0.015625 0.690625 0.02578125 0.1140625
2 0.90625 0.5890625 0.02578125 0.1109375
2 0.203125 0.459375 0.0265625 0.090625
2 0.196875 0.81015625 0.0265625 0.12109375
2 0.1 0.43046875 0.025 0.1
2 0.50390625 0.3578125 0.034375 0.08203125
2 0.2578125 0.3171875 0.01484375 0.084375
2 0.4484375 0.27265625 0.02734375 0.0734375
2 0.58515625 0.45703125 0.0265625 0.09453125
2 0.70859375 0.7953125 0.01875 0.1234375
2 0.6015625 0.32578125 0.02421875 0.0875
2 0.4125 0.28359375 0.02109375 0.078125
2 0.45625 0.33828125 0.0234375 0.06796875
2 0.9703125 0.4484375 0.015625 0.103125
3 0.3625 0.44296875 0.02109375 0.096875
2 0.58125 0.359375 0.0265625 0.08359375
2 0.525 0.28984375 0.0203125 0.078125