0 0.2640625 0.4453125 0.0109375 0.015625
2 0.58125 0.440625 0.03359375 0.10703125
3 0.7015625 0.096875 0.02265625 0.07890625
2 0.2203125 0.6140625 0.03515625 0.1140625
2 0.678125 0.48359375 0.02265625 0.1140625
2 0.4265625 0.396875 0.03203125 0.10703125
2 0.81640625 0.284375 0.0203125 0.09453125
1 0.021875 0.41015625 0.03984375 0.09296875
2 0.4578125 0.5859375 0.02734375 0.075
2 0.5671875 0.55625 0.0171875 0.1125
2 0.415625 0.45 0.02265625 0.103125
2 0.7828125 0.70703125 0.01953125 0.128125
2 0.34296875 0.5390625 0.04453125 0.065625
2 0.375 0.528125 0.03203125 0.1109375
2 0.609375 0.6859375 0.02265625 0.128125
2 0.425 0.62265625 0.02421875 0.11796875
2 0.65078125 0.63828125 0.021875 0.1234375
2 0.33984375 0.48828125 0.01640625 0.0671875
3 0.6390625 0.56640625 0.02109375 0.0734375