2 0.2046875 0.38359375 0.03515625 0.09453125
2 0.309375 0.840625 0.0359375 0.134375
2 0.6640625 0.39140625 0.0296875 0.1
2 0.8296875 0.43046875 0.03046875 0.09140625
2 0.31171875 0.596875 0.0234375 0.11953125
2 0.48125 0.2890625 0.02890625 0.0890625
2 0.93046875 0.37265625 0.015625 0.1015625
2 0.78125 0.64296875 0.0234375 0.121875
3 0.9375 0.5359375 0.02890625 0.125
2 0.3953125 0.28125 0.03359375 0.0625
2 0.490625 0.40234375 0.0234375 0.1015625
2 0.93046875 0.50546875 0.0375 0.10703125
2 0.62578125 0.9578125 0.0265625 0.084375
2 0.68125 0.97578125 0.0234375 0.0484375