0 0.3265625 0.38125 0.0078125 0.015625
2 0.8 0.53125 0.02578125 0.1125
2 0.17578125 0.4203125 0.0265625 0.10390625
2 0.56328125 0.50546875 0.021875 0.10546875
2 0.53125 0.41875 0.02109375 0.0984375
2 0.4109375 0.546875 0.02421875 0.10703125
2 0.62890625 0.596875 0.028125 0.1125
2 0.46015625 0.23125 0.021875 0.084375
3 0.10625 0.16171875 0.02265625 0.090625
2 0.925 0.1421875 0.01953125 0.090625
2 0.88828125 0.4359375 0.0234375 0.096875
2 0.69765625 0.65703125 0.0234375 0.1109375
2 0.1890625 0.6 0.0265625 0.11640625
3 0.96875 0.43046875 0.02734375 0.1109375
2 0.934375 0.2390625 0.01875 0.09453125
2 0.95625 0.3734375 0.03203125 0.103125