2 0.61953125 0.571875 0.0453125 0.1234375
3 0.153125 0.3984375 0.040625 0.1140625
2 0.2875 0.209375 0.02421875 0.10703125
2 0.6515625 0.83359375 0.040625 0.146875
2 0.196875 0.27578125 0.02890625 0.1125
2 0.55703125 0.090625 0.025 0.0890625
2 0.5078125 0.046875 0.01796875 0.09296875
2 0.93671875 0.75078125 0.0265625 0.1484375
2 0.465625 0.55 0.02890625 0.128125
2 0.44140625 0.75078125 0.0328125 0.134375
2 0.4671875 0.759375 0.05390625 0.146875
0 0.50546875 0.7984375 0.0203125 0.03515625
3 0.39375 0.96171875 0.03515625 0.0765625
2 0.6875 0.01796875 0.015625 0.03515625