2 0.2625 0.5078125 0.015625 0.028125
2 0.2671875 0.46328125 0.02734375 0.1015625
2 0.46796875 0.359375 0.0203125 0.09296875
2 0.571875 0.14375 0.0203125 0.084375
2 0.1640625 0.31640625 0.02109375 0.09453125
2 0.903125 0.578125 0.02578125 0.11796875
2 0.9484375 0.5296875 0.02265625 0.11796875
2 0.328125 0.45625 0.01953125 0.10703125
2 0.36796875 0.54921875 0.0203125 0.1015625
2 0.73984375 0.3234375 0.021875 0.0890625
2 0.79375 0.37578125 0.02421875 0.09609375
2 0.0328125 0.42421875 0.02265625 0.109375
3 0.67734375 0.38203125 0.021875 0.1
2 0.559375 0.246875 0.01640625 0.09140625
2 0.8171875 0.4 0.02109375 0.103125
2 0.65859375 0.40390625 0.0171875 0.09453125
2 0.678125 0.31484375 0.021875 0.06796875
2 0.71328125 0.56875 0.0203125 0.1125
2 0.1953125 0.534375 0.0203125 0.10546875