0 0.34140625 0.8140625 0.009375 0.01953125
2 0.315625 0.78046875 0.0265625 0.121875
2 0.4640625 0.375 0.021875 0.09140625
2 0.5953125 0.4984375 0.0296875 0.10859375
2 0.0859375 0.278125 0.03828125 0.0875
2 0.85625 0.765625 0.0390625 0.1234375
2 0.4359375 0.50234375 0.03359375 0.09609375
2 0.59609375 0.6234375 0.025 0.1109375
2 0.625 0.7859375 0.03984375 0.128125
2 0.38515625 0.83046875 0.0234375 0.11953125
2 0.653125 0.77109375 0.04453125 0.11953125
3 0.01171875 0.64296875 0.0234375 0.071875
2 0.878125 0.76328125 0.04296875 0.053125