2 0.38984375 0.459375 0.0234375 0.115625
3 0.7234375 0.0921875 0.028125 0.08203125
2 0.5078125 0.340625 0.01953125 0.10390625
2 0.68515625 0.45234375 0.0234375 0.1125
2 0.7796875 0.265625 0.02265625 0.090625
2 0.4484375 0.646875 0.0265625 0.12109375
2 0.61328125 0.53828125 0.0203125 0.115625
2 0.78125 0.70859375 0.02265625 0.13359375
2 0.45 0.5484375 0.03359375 0.1109375
3 0.8 0.5734375 0.025 0.125
2 0.4859375 0.41640625 0.02109375 0.103125
2 0.27578125 0.646875 0.034375 0.1109375
2 0.59140625 0.3625 0.01875 0.096875
1 0.06171875 0.39765625 0.0234375 0.10703125
2 0.6328125 0.65859375 0.03046875 0.121875
2 0.6546875 0.6359375 0.02890625 0.125
2 0.42265625 0.5640625 0.028125 0.1140625
2 0.284375 0.5875 0.02109375 0.1140625
0 0.41015625 0.4328125 0.01875 0.03984375