2 0.196875 0.75625 0.040625 0.109375
2 0.415625 0.4140625 0.04609375 0.0859375
2 0.7265625 0.83203125 0.0421875 0.121875
2 0.1234375 0.684375 0.053125 0.090625
2 0.1484375 0.63046875 0.05234375 0.103125
2 0.490625 0.44140625 0.03515625 0.09140625
2 0.571875 0.38203125 0.02421875 0.09140625
2 0.95625 0.515625 0.03515625 0.103125
2 0.603125 0.32578125 0.03359375 0.09296875
2 0.3375 0.32578125 0.034375 0.09921875
2 0.3453125 0.3484375 0.04140625 0.08046875
3 0.6640625 0.39765625 0.0390625 0.08203125
0 0.3078125 0.46796875 0.01328125 0.02265625
2 0.58984375 0.26171875 0.02578125 0.08671875
2 0.67734375 0.3796875 0.02265625 0.0875
2 0.71875 0.2765625 0.0234375 0.08515625
2 0.77109375 0.2703125 0.02734375 0.09921875
2 0.834375 0.36171875 0.028125 0.09296875