2 0.38984375 0.5625 0.0484375 0.1140625
2 0.5765625 0.553125 0.01640625 0.1125
2 0.4578125 0.4515625 0.03203125 0.1
2 0.67734375 0.4796875 0.01875 0.115625
2 0.29375 0.56015625 0.02890625 0.109375
2 0.33984375 0.49140625 0.03125 0.09453125
3 0.71875 0.0953125 0.02265625 0.07890625
2 0.79921875 0.278125 0.021875 0.09140625
2 0.72421875 0.590625 0.0390625 0.1125
1 0.05625 0.4140625 0.03359375 0.08359375
2 0.2453125 0.634375 0.03125 0.1125
2 0.7734375 0.703125 0.0234375 0.13046875
2 0.5953125 0.425 0.02421875 0.103125
2 0.4328125 0.63671875 0.02890625 0.12109375
2 0.64453125 0.6375 0.01875 0.128125
2 0.6078125 0.67734375 0.0203125 0.12890625
2 0.4640625 0.3734375 0.02578125 0.1
0 0.38359375 0.43515625 0.01640625 0.0296875
2 0.4609375 0.5921875 0.0515625 0.06953125