2 0.58203125 0.396875 0.0203125 0.10546875
2 0.534375 0.4875 0.01875 0.11953125
2 0.7421875 0.47109375 0.0296875 0.10546875
2 0.76640625 0.546875 0.021875 0.1109375
2 0.8171875 0.6984375 0.0328125 0.121875
2 0.8859375 0.646875 0.02578125 0.1265625
2 0.90625 0.4890625 0.02265625 0.11640625
2 0.39296875 0.58125 0.028125 0.10390625
2 0.5671875 0.54921875 0.0359375 0.0796875
2 0.603125 0.4890625 0.0375 0.1
3 0.6703125 0.590625 0.04296875 0.11640625
1 0.2859375 0.41640625 0.0328125 0.053125
2 0.63359375 0.6171875 0.03125 0.11796875
2 0.5015625 0.40390625 0.03359375 0.08046875
0 0.22578125 0.3703125 0.015625 0.03359375
3 0.8328125 0.09140625 0.03359375 0.0953125