0 0.715625 0.6421875 0.009375 0.01796875
2 0.52734375 0.509375 0.0375 0.11796875
2 0.3046875 0.3328125 0.021875 0.10703125
2 0.71875 0.553125 0.03203125 0.12890625
2 0.5828125 0.2734375 0.0203125 0.10859375
2 0.13125 0.38671875 0.02578125 0.10703125
2 0.615625 0.171875 0.0203125 0.103125
2 0.68125 0.79296875 0.04921875 0.14453125
2 0.275 0.6796875 0.03046875 0.10703125
2 0.00234375 0.07578125 0.00390625 0.07265625
2 0.02890625 0.0453125 0.0265625 0.08984375
2 0.184375 0.021875 0.0140625 0.03515625