2 0.3734375 0.60546875 0.03671875 0.1109375
2 0.66328125 0.48359375 0.0296875 0.10859375
2 0.13515625 0.6421875 0.0296875 0.10703125
2 0.7109375 0.44921875 0.0328125 0.109375
2 0.20859375 0.7203125 0.040625 0.115625
2 0.5921875 0.6546875 0.03359375 0.1265625
2 0.08984375 0.58671875 0.028125 0.1125
2 0.4984375 0.50234375 0.034375 0.10390625
2 0.0640625 0.34140625 0.02265625 0.096875
2 0.6359375 0.75078125 0.034375 0.13203125
2 0.81875 0.90546875 0.0359375 0.14453125
2 0.66484375 0.24609375 0.01875 0.0859375
2 0.475 0.12265625 0.015625 0.0875
2 0.334375 0.340625 0.028125 0.084375
3 0.496875 0.421875 0.02265625 0.10390625
2 0.21484375 0.27578125 0.0234375 0.0984375
2 0.825 0.540625 0.02109375 0.11796875
2 0.23515625 0.44140625 0.03125 0.10546875
0 0.14765625 0.61796875 0.01484375 0.0375