2 0.56484375 0.4109375 0.025 0.0859375
0 0.540625 0.32734375 0.0078125 0.0125
2 0.54765625 0.2765625 0.03515625 0.0796875
2 0.553125 0.290625 0.03046875 0.090625
2 0.334375 0.30859375 0.02265625 0.08046875
2 0.02265625 0.6890625 0.0296875 0.1109375
2 0.15625 0.71640625 0.0203125 0.10546875
2 0.68515625 0.5671875 0.025 0.109375
2 0.09140625 0.440625 0.01875 0.09453125
2 0.4625 0.78125 0.01875 0.12109375
2 0.63984375 0.471875 0.021875 0.1015625
2 0.58125 0.69609375 0.02421875 0.1109375
2 0.3359375 0.4890625 0.021875 0.096875
2 0.55390625 0.6046875 0.0234375 0.109375
3 0.2171875 0.4140625 0.021875 0.09453125
2 0.3484375 0.384375 0.01796875 0.0859375
1 0.9359375 0.45859375 0.0203125 0.1140625
2 0.02265625 0.29765625 0.02890625 0.0859375
2 0.615625 0.24765625 0.02421875 0.08515625