2 0.50234375 0.525 0.0375 0.10859375
0 0.3375 0.48125 0.01328125 0.02421875
2 0.3515625 0.43203125 0.03046875 0.10546875
2 0.26640625 0.765625 0.0265625 0.1359375
2 0.78515625 0.44921875 0.0265625 0.1015625
2 0.4125 0.4046875 0.028125 0.10390625
2 0.6453125 0.296875 0.02109375 0.109375
2 0.946875 0.76484375 0.02734375 0.1375
2 0.69765625 0.39921875 0.0265625 0.10390625
2 0.9078125 0.18046875 0.02890625 0.1
2 0.1421875 0.29921875 0.02109375 0.1125
2 0.865625 0.8328125 0.03125 0.134375
2 0.703125 0.284375 0.01875 0.109375
2 0.87578125 0.60859375 0.0203125 0.128125
3 0.13125 0.153125 0.04453125 0.07421875
3 0.9921875 0.48125 0.015625 0.12109375