2 0.303125 0.39765625 0.02578125 0.1015625
2 0.20625 0.65703125 0.03671875 0.11640625
2 0.6640625 0.5859375 0.02890625 0.1140625
2 0.3859375 0.25 0.02265625 0.0890625
2 0.9671875 0.37734375 0.02265625 0.10390625
2 0.61953125 0.40390625 0.028125 0.09453125
2 0.6015625 0.71484375 0.0359375 0.1125
2 0.359375 0.503125 0.02265625 0.1
2 0.475 0.2453125 0.01796875 0.09609375
2 0.72890625 0.11640625 0.0140625 0.0890625
2 0.3734375 0.4390625 0.01953125 0.0890625
2 0.878125 0.23984375 0.0203125 0.08203125
2 0.72734375 0.62578125 0.025 0.10703125
2 0.521875 0.32578125 0.02578125 0.09296875
3 0.7359375 0.409375 0.02265625 0.10859375
2 0.0078125 0.25078125 0.015625 0.10390625
0 0.21953125 0.69609375 0.01171875 0.025