3 0.76328125 0.09453125 0.0234375 0.078125
2 0.2890625 0.6046875 0.03359375 0.10703125
2 0.7609375 0.48515625 0.025 0.1125
2 0.4890625 0.39921875 0.028125 0.10703125
2 0.64375 0.44765625 0.02421875 0.109375
2 0.5359375 0.58515625 0.02734375 0.0765625
2 0.90546875 0.28828125 0.021875 0.09296875
2 0.46796875 0.4421875 0.0328125 0.10390625
2 0.5 0.61875 0.0265625 0.11796875
2 0.7359375 0.640625 0.02578125 0.1265625
2 0.8671875 0.71171875 0.021875 0.1265625
2 0.41953125 0.496875 0.034375 0.115625
0 0.2140625 0.38515625 0.01796875 0.0234375
1 0.11640625 0.40546875 0.059375 0.08125
3 0.67578125 0.5953125 0.028125 0.11484375
2 0.64375 0.5578125 0.02421875 0.11484375