2 0.2953125 0.3125 0.02421875 0.0859375
2 0.4625 0.77890625 0.02578125 0.1140625
2 0.6203125 0.3859375 0.01328125 0.09140625
2 0.8921875 0.2703125 0.0234375 0.08203125
2 0.8265625 0.5734375 0.03125 0.10546875
3 0.46640625 0.4484375 0.021875 0.09140625
2 0.05390625 0.496875 0.0328125 0.09296875
2 0.16875 0.659375 0.03515625 0.10859375
2 0.4734375 0.3546875 0.03046875 0.07890625
2 0.559375 0.35859375 0.028125 0.08046875
2 0.3109375 0.7015625 0.02265625 0.103125
2 0.95703125 0.4703125 0.0171875 0.10390625
2 0.7828125 0.74296875 0.03125 0.11640625
0 0.40234375 0.3203125 0.00703125 0.01875
2 0.41171875 0.284375 0.0265625 0.07890625
2 0.703125 0.30703125 0.01171875 0.08359375
2 0.91640625 0.584375 0.0328125 0.109375
2 0.63125 0.47421875 0.01484375 0.09609375
2 0.49375 0.3046875 0.02421875 0.07890625
2 0.471875 0.2828125 0.0171875 0.0625