2 0.5375 0.590625 0.04296875 0.08046875
2 0.43828125 0.53203125 0.0359375 0.078125
2 0.6421875 0.8765625 0.0390625 0.11953125
2 0.5546875 0.496875 0.02734375 0.07890625
2 0.725 0.71015625 0.0234375 0.109375
2 0.9171875 0.55234375 0.02265625 0.09296875
3 0.73046875 0.5890625 0.025 0.096875
2 0.3328125 0.6 0.03046875 0.08359375
2 0.44375 0.4390625 0.02890625 0.08359375
2 0.80390625 0.409375 0.0203125 0.07890625
3 0.4921875 0.32109375 0.02890625 0.0953125
2 0.51875 0.353125 0.01875 0.0765625
2 0.43046875 0.4125 0.0234375 0.075
1 0.146875 0.584375 0.0265625 0.10390625
2 0.265625 0.67578125 0.02578125 0.1015625
2 0.35234375 0.62109375 0.025 0.1
2 0.2765625 0.721875 0.02578125 0.0984375
2 0.38359375 0.684375 0.0234375 0.10546875
0 0.59609375 0.53359375 0.0203125 0.01953125
2 0.3296875 0.38828125 0.028125 0.08125