2 0.57109375 0.3984375 0.0171875 0.10859375
2 0.6 0.609375 0.02421875 0.1125
2 0.5453125 0.4296875 0.02578125 0.10390625
2 0.384375 0.58828125 0.02265625 0.109375
2 0.5203125 0.496875 0.04296875 0.11796875
2 0.7328125 0.446875 0.01953125 0.109375
2 0.846875 0.64375 0.02734375 0.1265625
2 0.9734375 0.7203125 0.0328125 0.1265625
3 0.73203125 0.6015625 0.034375 0.121875
2 0.6421875 0.58515625 0.02578125 0.0765625
1 0.2421875 0.4109375 0.04375 0.05
2 0.803125 0.6953125 0.02734375 0.1265625
2 0.5859375 0.5265625 0.02890625 0.1109375
2 0.54375 0.54765625 0.04921875 0.05390625
2 0.74375 0.55859375 0.01953125 0.13046875
2 0.8734375 0.48828125 0.01953125 0.11796875
0 0.2328125 0.3359375 0.01875 0.0375
3 0.85390625 0.09453125 0.02421875 0.09296875