2 0.340625 0.55078125 0.03125 0.1015625
2 0.35234375 0.4328125 0.0265625 0.0765625
0 0.2578125 0.46953125 0.02265625 0.02578125
2 0.26640625 0.428125 0.0296875 0.09296875
2 0.4703125 0.60625 0.0296875 0.09296875
2 0.0984375 0.3625 0.01953125 0.09453125
2 0.5375 0.3375 0.01875 0.08359375
2 0.80625 0.41796875 0.01328125 0.09453125
3 0.6609375 0.4078125 0.01953125 0.0984375
2 0.62734375 0.42421875 0.0140625 0.090625
2 0.8359375 0.440625 0.01796875 0.096875
2 0.6984375 0.34296875 0.01796875 0.0859375
2 0.9328125 0.540625 0.0203125 0.1125
2 0.890625 0.584375 0.02265625 0.10390625
2 0.90703125 0.61640625 0.021875 0.11640625
2 0.5359375 0.271875 0.01875 0.065625
2 0.49140625 0.3609375 0.021875 0.09453125
2 0.5671875 0.20234375 0.03046875 0.09140625