0 0.571875 0.53203125 0.0078125 0.0140625
2 0.2515625 0.67578125 0.03515625 0.1015625
2 0.3265625 0.60234375 0.03515625 0.090625
2 0.4671875 0.421875 0.03046875 0.08046875
2 0.44140625 0.4015625 0.0265625 0.078125
2 0.42734375 0.53828125 0.0296875 0.090625
2 0.54140625 0.503125 0.0390625 0.08203125
3 0.7375 0.5875 0.02734375 0.096875
2 0.5390625 0.59296875 0.03515625 0.08046875
2 0.38359375 0.6953125 0.0234375 0.115625
1 0.15078125 0.584375 0.021875 0.10859375
2 0.5265625 0.34609375 0.01796875 0.075
2 0.68359375 0.89453125 0.0265625 0.125
3 0.4875 0.31328125 0.02734375 0.0734375
2 0.375 0.61640625 0.03046875 0.096875
2 0.2828125 0.725 0.02421875 0.096875
2 0.93671875 0.5453125 0.01875 0.090625
2 0.81875 0.39765625 0.01796875 0.084375
2 0.7390625 0.72109375 0.0234375 0.1109375