2 0.334375 0.490625 0.02265625 0.0984375
2 0.221875 0.29921875 0.028125 0.084375
2 0.58203125 0.46796875 0.0171875 0.096875
2 0.346875 0.38515625 0.01953125 0.08203125
2 0.21328125 0.7125 0.021875 0.10859375
2 0.546875 0.32265625 0.02109375 0.08203125
2 0.65 0.5890625 0.02421875 0.1109375
2 0.5546875 0.78984375 0.02265625 0.12109375
2 0.61640625 0.4859375 0.0203125 0.1
2 0.0625 0.453125 0.02109375 0.09296875
2 0.09140625 0.2984375 0.0234375 0.08359375
1 0.92734375 0.4640625 0.0234375 0.1109375
3 0.20546875 0.425 0.021875 0.096875
0 0.51484375 0.290625 0.0109375 0.0203125
2 0.515625 0.265625 0.028125 0.07890625
2 0.6234375 0.696875 0.01953125 0.1125
2 0.046875 0.68828125 0.01953125 0.1125
2 0.515625 0.62734375 0.01953125 0.109375
2 0.4921875 0.271875 0.015625 0.0734375