0 0.6546875 0.375 0.00859375 0.0109375
2 0.2375 0.32421875 0.03203125 0.09609375
2 0.821875 0.38515625 0.0234375 0.090625
2 0.3765625 0.5140625 0.025 0.1
2 0.23515625 0.7375 0.0265625 0.11640625
2 0.5671875 0.3640625 0.02734375 0.0890625
2 0.59375 0.57578125 0.02890625 0.109375
2 0.4984375 0.54921875 0.02109375 0.10703125
2 0.7828125 0.278125 0.02578125 0.078125
2 0.3078125 0.32890625 0.0234375 0.09140625
2 0.3375 0.2359375 0.01640625 0.08046875
2 0.59453125 0.290625 0.0234375 0.07890625
2 0.4734375 0.209375 0.021875 0.08203125
3 0.05625 0.18359375 0.0265625 0.08359375
3 0.2640625 0.47265625 0.0234375 0.10390625
2 0.6078125 0.3640625 0.01640625 0.08359375
2 0.503125 0.96328125 0.03203125 0.0734375