2 0.2265625 0.2984375 0.025 0.075
2 0.3234375 0.68046875 0.02578125 0.10859375
2 0.21015625 0.80078125 0.028125 0.109375
2 0.7171875 0.559375 0.0359375 0.09140625
2 0.434375 0.5359375 0.02265625 0.08046875
2 0.25 0.44140625 0.01953125 0.1
2 0.8625 0.696875 0.03515625 0.1109375
2 0.4484375 0.34296875 0.02421875 0.078125
2 0.68203125 0.6359375 0.0296875 0.10859375
0 0.25 0.33359375 0.01328125 0.0359375
2 0.2984375 0.33515625 0.02890625 0.0765625
2 0.1484375 0.3875 0.0203125 0.08359375
2 0.7703125 0.56875 0.0265625 0.10703125
2 0.8265625 0.746875 0.03046875 0.11640625
2 0.065625 0.53046875 0.02890625 0.09140625
3 0.4375 0.465625 0.01796875 0.06953125
2 0.740625 0.51171875 0.02265625 0.1015625
2 0.0578125 0.59921875 0.0296875 0.109375
2 0.6359375 0.72734375 0.02265625 0.1125