2 0.615625 0.58984375 0.02890625 0.09296875
2 0.7359375 0.72890625 0.03359375 0.1140625
2 0.31171875 0.615625 0.040625 0.09609375
2 0.23203125 0.6765625 0.0296875 0.10859375
2 0.5046875 0.36640625 0.02890625 0.06953125
2 0.55 0.37578125 0.02734375 0.07109375
2 0.9171875 0.521875 0.03125 0.0890625
2 0.31796875 0.73515625 0.0234375 0.1125
2 0.78671875 0.95390625 0.025 0.0890625
1 0.084375 0.60625 0.034375 0.109375
2 0.3171875 0.559375 0.02734375 0.1015625
2 0.1921875 0.7765625 0.0203125 0.1109375
2 0.4078125 0.5921875 0.02265625 0.0875
2 0.821875 0.37734375 0.02109375 0.07109375
2 0.5421875 0.528125 0.02421875 0.09609375
3 0.7421875 0.5859375 0.0234375 0.1
0 0.39921875 0.38671875 0.0109375 0.028125
2 0.44375 0.3515625 0.03203125 0.071875
3 0.48359375 0.31328125 0.03203125 0.0953125
2 0.50234375 0.32578125 0.02421875 0.07109375