2 0.2640625 0.41953125 0.01953125 0.0859375
2 0.6734375 0.6859375 0.03203125 0.103125
2 0.4796875 0.521875 0.021875 0.0890625
2 0.55078125 0.584375 0.0375 0.0875
2 0.51328125 0.8546875 0.0421875 0.1125
2 0.8421875 0.55625 0.025 0.0875
2 0.5625 0.50546875 0.0359375 0.078125
3 0.7125 0.59921875 0.02734375 0.10390625
2 0.3125 0.60703125 0.02421875 0.1
2 0.2515625 0.684375 0.0265625 0.096875
1 0.1015625 0.5921875 0.02578125 0.10703125
2 0.47734375 0.36875 0.01875 0.08203125
2 0.409375 0.465625 0.0203125 0.0890625
2 0.7640625 0.42109375 0.01640625 0.08359375
2 0.37265625 0.68671875 0.0171875 0.0875
2 0.2265625 0.734375 0.034375 0.1
2 0.28984375 0.6421875 0.0265625 0.0984375
0 0.5875 0.5421875 0.015625 0.01875