2 0.7734375 0.72890625 0.0453125 0.128125
2 0.4515625 0.31796875 0.02109375 0.096875
2 0.6765625 0.27421875 0.02421875 0.090625
3 0.78359375 0.55390625 0.028125 0.121875
2 0.5953125 0.43125 0.02421875 0.1015625
2 0.90078125 0.4796875 0.025 0.10703125
2 0.378125 0.446875 0.02578125 0.1125
2 0.37890625 0.6546875 0.03125 0.115625
2 0.50703125 0.3328125 0.01875 0.1015625
2 0.5796875 0.5296875 0.01953125 0.1125
2 0.3859375 0.553125 0.03203125 0.10390625
2 0.353125 0.5578125 0.025 0.09296875
2 0.4171875 0.40078125 0.0234375 0.1015625
3 0.628125 0.11015625 0.03125 0.08203125
2 0.225 0.65390625 0.02265625 0.1140625
2 0.98203125 0.32421875 0.01875 0.090625
2 0.52890625 0.6484375 0.025 0.11640625
2 0.5828125 0.65859375 0.0234375 0.128125
2 0.1890625 0.67421875 0.0296875 0.11796875
0 0.40625 0.15390625 0.0109375 0.04140625