2 0.13125 0.321875 0.01953125 0.09140625
0 0.2609375 0.47734375 0.01328125 0.021875
2 0.26171875 0.43046875 0.021875 0.10546875
2 0.3453125 0.42265625 0.01953125 0.09296875
2 0.3921875 0.54921875 0.0234375 0.0984375
2 0.71328125 0.3171875 0.0375 0.084375
2 0.9390625 0.51484375 0.01796875 0.115625
2 0.7953125 0.3796875 0.0265625 0.0984375
2 0.5015625 0.3484375 0.02265625 0.096875
2 0.8109375 0.55390625 0.0328125 0.1
2 0.575 0.15546875 0.015625 0.0859375
2 0.91875 0.5828125 0.02421875 0.1125
2 0.0109375 0.434375 0.02109375 0.10859375
2 0.615625 0.31796875 0.0171875 0.0859375
2 0.54375 0.2484375 0.0171875 0.09140625
2 0.8125 0.40078125 0.01796875 0.1015625
2 0.2453125 0.521875 0.021875 0.0984375
3 0.6609375 0.37890625 0.021875 0.103125
2 0.640625 0.39453125 0.01796875 0.0890625