0 0.65546875 0.3640625 0.0078125 0.0140625
2 0.5078125 0.3828125 0.03359375 0.084375
2 0.359375 0.51484375 0.02890625 0.09609375
2 0.2078125 0.30859375 0.02109375 0.09140625
3 0.2421875 0.475 0.01640625 0.103125
2 0.328125 0.23515625 0.01953125 0.07890625
2 0.5828125 0.58125 0.02265625 0.1125
2 0.23046875 0.7421875 0.025 0.11796875
2 0.8234375 0.38515625 0.01640625 0.09296875
2 0.7265625 0.28046875 0.03828125 0.06640625
3 0.0578125 0.18359375 0.025 0.08359375
2 0.503125 0.565625 0.01953125 0.10859375
2 0.2625 0.32734375 0.02890625 0.084375
2 0.5890625 0.2875 0.0140625 0.08046875
2 0.6046875 0.3921875 0.03125 0.08203125
2 0.4734375 0.21171875 0.02265625 0.08125
2 0.503125 0.95390625 0.0265625 0.09140625