2 0.515625 0.43515625 0.03984375 0.10390625
2 0.846875 0.403125 0.02421875 0.09453125
2 0.275 0.87265625 0.03203125 0.140625
0 0.28828125 0.30546875 0.0125 0.028125
2 0.2859375 0.2671875 0.02890625 0.090625
2 0.1515625 0.415625 0.02421875 0.0984375
2 0.2546875 0.62421875 0.021875 0.12109375
2 0.44609375 0.29765625 0.0265625 0.09609375
2 0.58125 0.4390625 0.0265625 0.10859375
2 0.703125 0.6828125 0.0265625 0.1265625
2 0.921875 0.3640625 0.03203125 0.096875
3 0.89609375 0.5609375 0.028125 0.11953125
2 0.87734375 0.55078125 0.0234375 0.1125