2 0.2984375 0.40390625 0.0171875 0.08359375
0 0.59453125 0.5375 0.0078125 0.0140625
2 0.57890625 0.86015625 0.0296875 0.1125
2 0.45546875 0.52421875 0.0390625 0.0875
2 0.54375 0.584375 0.03671875 0.08046875
3 0.7234375 0.590625 0.02734375 0.1015625
2 0.88125 0.55546875 0.0265625 0.0859375
2 0.7875 0.4109375 0.01953125 0.0859375
2 0.7015625 0.696875 0.0234375 0.10859375
2 0.378125 0.684375 0.02734375 0.0875
1 0.13359375 0.590625 0.0234375 0.1
3 0.4859375 0.31484375 0.025 0.0765625
2 0.5015625 0.359375 0.01796875 0.08046875
2 0.5609375 0.496875 0.02421875 0.06796875
2 0.27109375 0.6796875 0.021875 0.0984375
2 0.25703125 0.72578125 0.0296875 0.1015625
2 0.32265625 0.628125 0.0265625 0.0984375
2 0.421875 0.45390625 0.0265625 0.075