2 0.259375 0.584375 0.0265625 0.09296875
3 0.840625 0.540625 0.03046875 0.1015625
2 0.36953125 0.55703125 0.034375 0.103125
2 0.684375 0.509375 0.0234375 0.0984375
2 0.6578125 0.3234375 0.01953125 0.0859375
2 0.5 0.715625 0.02734375 0.1140625
2 0.72265625 0.6140625 0.028125 0.09453125
2 0.5625 0.309375 0.01953125 0.090625
2 0.190625 0.640625 0.0265625 0.08046875
2 0.94765625 0.34453125 0.0265625 0.0890625
2 0.375 0.403125 0.02421875 0.0984375
2 0.55078125 0.43671875 0.025 0.10703125
2 0.909375 0.459375 0.02109375 0.09453125
1 0.090625 0.4828125 0.03203125 0.10703125
2 0.40625 0.5546875 0.02890625 0.1015625
2 0.5984375 0.4234375 0.02109375 0.0890625
2 0.6046875 0.33828125 0.02265625 0.090625
2 0.9859375 0.6265625 0.02421875 0.103125
2 0.51796875 0.65 0.0265625 0.10859375
0 0.55390625 0.6328125 0.01640625 0.03984375
3 0.66484375 0.18125 0.0359375 0.10546875