0 0.396875 0.3921875 0.00625 0.0125
2 0.53046875 0.73359375 0.03125 0.1140625
2 0.503125 0.271875 0.02578125 0.0734375
2 0.77421875 0.88359375 0.034375 0.125
2 0.19375 0.628125 0.025 0.10546875
2 0.09921875 0.5234375 0.0234375 0.103125
2 0.584375 0.7171875 0.0296875 0.109375
2 0.334375 0.45078125 0.03359375 0.09296875
2 0.7640625 0.628125 0.02890625 0.10703125
2 0.54765625 0.60703125 0.028125 0.103125
2 0.45703125 0.55390625 0.028125 0.10546875
2 0.4625 0.475 0.02109375 0.09140625
3 0.5609375 0.52421875 0.02421875 0.0984375
2 0.2640625 0.64453125 0.02265625 0.10546875
2 0.69140625 0.4328125 0.01875 0.08203125
2 0.8421875 0.64375 0.02578125 0.11796875
2 0.928125 0.92421875 0.0234375 0.134375
2 0.77890625 0.55078125 0.021875 0.09609375
2 0.3390625 0.8328125 0.02109375 0.115625