2 0.303125 0.746875 0.02265625 0.10859375
2 0.4078125 0.5234375 0.0171875 0.09140625
2 0.521875 0.4203125 0.0203125 0.0875
2 0.5328125 0.328125 0.01796875 0.0765625
3 0.321875 0.503125 0.02109375 0.09609375
2 0.02421875 0.5125 0.0203125 0.09453125
2 0.640625 0.5953125 0.01796875 0.10390625
2 0.9078125 0.40859375 0.01796875 0.0859375
2 0.675 0.44140625 0.015625 0.0859375
2 0.61796875 0.60703125 0.01875 0.1
3 0.1859375 0.20703125 0.01953125 0.071875
2 0.62109375 0.93828125 0.021875 0.11796875
2 0.5296875 0.25390625 0.02109375 0.06640625
2 0.8375 0.296875 0.0125 0.075
2 0.246875 0.315625 0.01875 0.0765625
2 0.5875 0.24453125 0.01640625 0.06640625
2 0.23046875 0.315625 0.0203125 0.078125
0 0.621875 0.28359375 0.01484375 0.028125
2 0.0109375 0.63359375 0.0203125 0.10546875