2 0.43828125 0.77109375 0.034375 0.1390625
2 0.31875 0.5890625 0.03828125 0.13046875
2 0.9546875 0.7421875 0.04609375 0.1375
2 0.728125 0.4515625 0.03203125 0.11953125
2 0.87578125 0.4359375 0.0296875 0.125
2 0.46640625 0.11875 0.0234375 0.109375
3 0.23828125 0.30546875 0.0296875 0.11953125
2 0.3546875 0.18046875 0.021875 0.1109375
2 0.021875 0.609375 0.0234375 0.14453125
2 0.021875 0.19375 0.02578125 0.12109375
3 0.56796875 0.9421875 0.03671875 0.103125
2 0.7046875 0.02890625 0.021875 0.0578125