0 0.38828125 0.41875 0.009375 0.01796875
2 0.28125 0.578125 0.03359375 0.11640625
2 0.34375 0.47734375 0.03203125 0.10703125
2 0.6828125 0.47421875 0.0265625 0.109375
2 0.46953125 0.4390625 0.0296875 0.10546875
2 0.484375 0.365625 0.02421875 0.1015625
2 0.5859375 0.55390625 0.025 0.1140625
3 0.7265625 0.096875 0.02890625 0.07890625
2 0.79375 0.2734375 0.01796875 0.09140625
3 0.746875 0.5796875 0.0203125 0.125
1 0.059375 0.39921875 0.02734375 0.10390625
2 0.446875 0.63671875 0.03515625 0.11796875
2 0.4 0.56640625 0.0234375 0.1
2 0.2578125 0.63515625 0.02578125 0.1125
2 0.615625 0.67421875 0.0234375 0.1265625
2 0.5984375 0.40703125 0.02265625 0.10546875
2 0.65 0.63828125 0.02265625 0.1265625
2 0.775 0.70078125 0.01953125 0.13203125
2 0.46328125 0.5859375 0.0578125 0.04921875
2 0.99140625 0.53359375 0.0171875 0.1109375