2 0.34609375 0.51484375 0.01875 0.0984375
2 0.19375 0.75 0.03125 0.1109375
2 0.2421875 0.33203125 0.02578125 0.096875
3 0.2296875 0.478125 0.03046875 0.10546875
2 0.55390625 0.5734375 0.025 0.1109375
2 0.30703125 0.240625 0.015625 0.08359375
2 0.7875 0.390625 0.02421875 0.09140625
2 0.5734375 0.29765625 0.02578125 0.06796875
0 0.7171875 0.34140625 0.01875 0.021875
2 0.77421875 0.28125 0.0203125 0.08203125
2 0.30078125 0.33515625 0.021875 0.08203125
2 0.5234375 0.35703125 0.01875 0.0890625
2 0.44765625 0.54296875 0.021875 0.10546875
2 0.428125 0.215625 0.01953125 0.08203125
2 0.55625 0.34921875 0.0171875 0.08203125
3 0.0109375 0.19296875 0.02109375 0.1015625
2 0.45859375 0.9734375 0.0234375 0.053125