2 0.378125 0.41015625 0.02109375 0.09609375
2 0.2703125 0.29921875 0.0265625 0.084375
2 0.35390625 0.53515625 0.01875 0.1015625
2 0.41875 0.63984375 0.02109375 0.109375
2 0.50234375 0.7046875 0.01875 0.109375
2 0.934375 0.6078125 0.02890625 0.115625
2 0.88828125 0.53359375 0.025 0.103125
2 0.77265625 0.38515625 0.01875 0.0875
2 0.6453125 0.53671875 0.01796875 0.109375
2 0.840625 0.484375 0.03203125 0.09609375
2 0.67109375 0.296875 0.0140625 0.0875
2 0.66015625 0.21328125 0.0171875 0.07890625
3 0.68125 0.46953125 0.02265625 0.10546875
2 0.6484375 0.43125 0.01640625 0.09296875
2 0.6734375 0.4015625 0.01875 0.09140625
2 0.79765625 0.70078125 0.021875 0.11796875
2 0.1875 0.60234375 0.02890625 0.109375