2 0.396875 0.859375 0.02890625 0.1140625
2 0.2203125 0.7078125 0.03984375 0.10390625
2 0.60625 0.5796875 0.02578125 0.09296875
2 0.5421875 0.52578125 0.03359375 0.09296875
2 0.56953125 0.4953125 0.0234375 0.09609375
2 0.6703125 0.67734375 0.025 0.10703125
2 0.475 0.3890625 0.01953125 0.08359375
1 0.084375 0.6078125 0.02734375 0.0875
2 0.32890625 0.63125 0.0265625 0.084375
2 0.16484375 0.75390625 0.0390625 0.09453125
0 0.41484375 0.521875 0.0171875 0.0265625
2 0.440625 0.4921875 0.02265625 0.084375
2 0.278125 0.65 0.02421875 0.0890625
2 0.765625 0.43359375 0.01796875 0.078125
2 0.81875 0.5546875 0.0171875 0.09296875
3 0.5234375 0.32109375 0.02109375 0.075
3 0.740625 0.61640625 0.0265625 0.096875
2 0.2453125 0.44921875 0.0203125 0.0875
2 0.4515625 0.43828125 0.01484375 0.084375
2 0.3921875 0.703125 0.02109375 0.103125