0 0.7265625 0.50390625 0.01328125 0.0140625
2 0.93671875 0.578125 0.040625 0.0984375
3 0.70234375 0.64453125 0.03125 0.1109375
2 0.38125 0.59453125 0.02734375 0.1109375
2 0.6578125 0.4546875 0.04921875 0.090625
3 0.778125 0.140625 0.0296875 0.084375
2 0.54453125 0.36953125 0.0296875 0.09453125
2 0.4796875 0.515625 0.02421875 0.10546875
2 0.5265625 0.47890625 0.021875 0.1
1 0.1125 0.403125 0.02265625 0.103125
2 0.6234375 0.5046875 0.02265625 0.10703125
2 0.203125 0.57734375 0.021875 0.115625
2 0.68828125 0.4859375 0.03125 0.0890625
2 0.9875 0.43828125 0.02421875 0.07421875