0 0.3359375 0.46328125 0.0109375 0.015625
2 0.18125 0.353125 0.02421875 0.08359375
2 0.3890625 0.875 0.025 0.125
2 0.73359375 0.86796875 0.025 0.11953125
2 0.34375 0.65859375 0.02421875 0.103125
2 0.15 0.571875 0.01953125 0.0984375
2 0.25859375 0.57421875 0.025 0.10390625
2 0.58125 0.5765625 0.0234375 0.096875
2 0.4953125 0.7359375 0.0203125 0.1140625
1 0.9484375 0.525 0.01953125 0.1140625
2 0.45 0.5109375 0.02421875 0.0859375
3 0.04375 0.61484375 0.03828125 0.10703125
2 0.475 0.54296875 0.01640625 0.0796875
2 0.484375 0.5734375 0.015625 0.08984375