2 0.8484375 0.8265625 0.02734375 0.125
2 0.21796875 0.67578125 0.0234375 0.10703125
2 0.140625 0.45 0.0234375 0.0859375
2 0.6046875 0.6703125 0.02421875 0.1125
2 0.29765625 0.27421875 0.01875 0.08203125
2 0.3453125 0.703125 0.01953125 0.10546875
2 0.4546875 0.5015625 0.02109375 0.1
2 0.7359375 0.52734375 0.021875 0.10390625
3 0.390625 0.45625 0.021875 0.0984375
2 0.425 0.39453125 0.02734375 0.08359375
2 0.3015625 0.340625 0.0296875 0.065625
2 0.69765625 0.52734375 0.0203125 0.0984375
2 0.78125 0.70078125 0.01875 0.11796875
2 0.73828125 0.62578125 0.025 0.115625
2 0.34921875 0.3546875 0.04140625 0.078125
2 0.34453125 0.33046875 0.03046875 0.0625
2 0.34765625 0.284375 0.02578125 0.0671875