0 0.7078125 0.35546875 0.00703125 0.0140625
2 0.3765625 0.5140625 0.0296875 0.096875
2 0.5953125 0.28671875 0.02109375 0.0734375
2 0.2515625 0.3296875 0.03671875 0.09609375
3 0.2578125 0.47421875 0.02109375 0.10390625
2 0.484375 0.5421875 0.0203125 0.10390625
2 0.22109375 0.74140625 0.0265625 0.1140625
2 0.3328125 0.240625 0.02890625 0.078125
2 0.8046875 0.284375 0.02890625 0.078125
2 0.56015625 0.36171875 0.021875 0.0875
2 0.31875 0.328125 0.02421875 0.0890625
2 0.81796875 0.38671875 0.021875 0.090625
2 0.58515625 0.571875 0.01875 0.109375
3 0.0453125 0.1859375 0.02265625 0.0859375
2 0.5953125 0.35234375 0.01796875 0.08203125
2 0.4625 0.209375 0.01953125 0.08359375
2 0.49453125 0.96015625 0.02890625 0.0796875