2 0.3015625 0.75078125 0.02109375 0.109375
2 0.515625 0.42265625 0.0171875 0.084375
2 0.8984375 0.415625 0.0171875 0.0875
2 0.6328125 0.5953125 0.01796875 0.0984375
2 0.3984375 0.52578125 0.01796875 0.0875
2 0.5140625 0.25625 0.015625 0.059375
2 0.2359375 0.32578125 0.02890625 0.07890625
3 0.31953125 0.509375 0.01875 0.09609375
2 0.21484375 0.32578125 0.0234375 0.08203125
2 0.83203125 0.30625 0.0125 0.0765625
2 0.03046875 0.51953125 0.0171875 0.09453125
2 0.66796875 0.45 0.0140625 0.0859375
2 0.5203125 0.3375 0.01640625 0.075
2 0.01640625 0.6359375 0.0203125 0.10546875
3 0.1953125 0.2109375 0.02265625 0.06796875
2 0.6171875 0.9375 0.02265625 0.11953125
0 0.575 0.2765625 0.0125 0.03359375
2 0.58046875 0.246875 0.0234375 0.07109375
2 0.615625 0.61328125 0.01796875 0.1015625