2 0.25625 0.75703125 0.02265625 0.10859375
2 0.4125 0.2578125 0.02265625 0.0625
2 0.83828125 0.4234375 0.0171875 0.0859375
2 0.45 0.346875 0.01640625 0.07109375
2 0.45390625 0.425 0.0171875 0.08359375
3 0.1640625 0.21484375 0.02265625 0.06796875
2 0.61015625 0.459375 0.015625 0.084375
3 0.2734375 0.515625 0.021875 0.09296875
2 0.9671875 0.76484375 0.0234375 0.115625
2 0.7734375 0.31640625 0.01484375 0.071875
0 0.51640625 0.275 0.01328125 0.0296875
2 0.5140625 0.2359375 0.01640625 0.08359375
2 0.5609375 0.93828125 0.0203125 0.11796875
2 0.13828125 0.34453125 0.0203125 0.08359375
2 0.56875 0.61796875 0.0171875 0.1
2 0.159375 0.340625 0.01640625 0.07890625
2 0.3328125 0.528125 0.01875 0.0875