2 0.4328125 0.64140625 0.03203125 0.125
2 0.240625 0.6140625 0.028125 0.128125
2 0.3078125 0.103125 0.02578125 0.09296875
2 0.3625 0.82265625 0.04609375 0.1484375
2 0.4203125 0.796875 0.02890625 0.12890625
2 0.375 0.15546875 0.0171875 0.09140625
2 0.48203125 0.040625 0.0265625 0.08125
3 0.021875 0.45390625 0.03046875 0.11640625
2 0.67421875 0.78125 0.034375 0.12890625
2 0.8171875 0.58046875 0.034375 0.128125
2 0.075 0.27421875 0.02890625 0.1125
2 0.8390625 0.415625 0.02734375 0.11640625
2 0.478125 0.88515625 0.03359375 0.1484375
2 0.8328125 0.2703125 0.02734375 0.10390625
2 0.89921875 0.56953125 0.0453125 0.11640625