2 0.50859375 0.48359375 0.021875 0.103125
2 0.253125 0.375 0.03046875 0.10546875
3 0.69609375 0.5046875 0.028125 0.10390625
2 0.7515625 0.43203125 0.02109375 0.1
2 0.534375 0.61328125 0.02890625 0.10703125
2 0.24375 0.53671875 0.040625 0.10703125
2 0.7640625 0.61875 0.03125 0.115625
2 0.80625 0.30234375 0.02578125 0.0875
2 0.4515625 0.396875 0.01796875 0.0875
2 0.103125 0.57421875 0.0234375 0.10390625
2 0.35625 0.40859375 0.0203125 0.1109375
2 0.3875 0.278125 0.01953125 0.09296875
2 0.3875 0.63671875 0.02578125 0.1125
2 0.5203125 0.278125 0.0171875 0.084375
2 0.046875 0.6234375 0.02578125 0.103125
2 0.4171875 0.653125 0.02890625 0.096875
2 0.4234375 0.2984375 0.0171875 0.09140625
2 0.2625 0.52421875 0.02265625 0.10703125
3 0.51640625 0.128125 0.02265625 0.11328125
0 0.42578125 0.59296875 0.01875 0.03984375