2 0.19375 0.3625 0.02578125 0.0890625
2 0.7265625 0.53125 0.01953125 0.10703125
2 0.6875 0.54375 0.0203125 0.1015625
2 0.1 0.48125 0.02109375 0.09296875
2 0.35625 0.35625 0.03203125 0.0625
2 0.1734375 0.69453125 0.01953125 0.1109375
0 0.38203125 0.32421875 0.0109375 0.0296875
2 0.3828125 0.278125 0.01640625 0.084375
2 0.565625 0.69375 0.01875 0.1125
2 0.7578125 0.6359375 0.03046875 0.1140625
2 0.2953125 0.72578125 0.0171875 0.109375
2 0.85546875 0.915625 0.028125 0.1265625
2 0.41328125 0.296875 0.0265625 0.07890625
2 0.4640625 0.36171875 0.02578125 0.0734375
2 0.3921875 0.39921875 0.02265625 0.0875
2 0.803125 0.7234375 0.02109375 0.11953125
3 0.40859375 0.4796875 0.01875 0.1015625
2 0.41484375 0.52109375 0.025 0.103125