2 0.55390625 0.31328125 0.0265625 0.0734375
2 0.50234375 0.2375 0.021875 0.06953125
3 0.30546875 0.48984375 0.0203125 0.0984375
2 0.23984375 0.3015625 0.0203125 0.08359375
2 0.403125 0.51796875 0.01640625 0.09453125
2 0.66875 0.421875 0.015625 0.0859375
2 0.5171875 0.409375 0.01875 0.090625
2 0.903125 0.3953125 0.01640625 0.090625
2 0.640625 0.5875 0.02109375 0.10546875
2 0.6015625 0.596875 0.01953125 0.10703125
2 0.275 0.3 0.01953125 0.075
2 0.6046875 0.9421875 0.02421875 0.1125
2 0.8203125 0.278125 0.01640625 0.078125
3 0.15859375 0.19453125 0.0234375 0.075
2 0.296875 0.746875 0.03203125 0.1109375
0 0.73125 0.3015625 0.015625 0.03984375
2 0.57109375 0.22109375 0.02109375 0.096875