2 0.2515625 0.30390625 0.0265625 0.06953125
2 0.590625 0.30546875 0.028125 0.06953125
2 0.32890625 0.490625 0.021875 0.0984375
2 0.52890625 0.6171875 0.021875 0.1125
2 0.18359375 0.7171875 0.0265625 0.10390625
2 0.5359375 0.25390625 0.02109375 0.053125
2 0.5640625 0.246875 0.01953125 0.0734375
2 0.58046875 0.44453125 0.0203125 0.09140625
2 0.0359375 0.6890625 0.02734375 0.1140625
2 0.071875 0.446875 0.01796875 0.09296875
2 0.34375 0.38671875 0.0171875 0.08203125
2 0.6609375 0.5765625 0.02421875 0.10859375
3 0.203125 0.415625 0.021875 0.096875
2 0.59609375 0.69453125 0.025 0.1140625
2 0.0484375 0.3 0.0234375 0.0859375
1 0.9296875 0.46015625 0.02109375 0.109375
2 0.503125 0.7859375 0.01640625 0.11953125
2 0.621875 0.47890625 0.025 0.103125