0 0.53125 0.50078125 0.00625 0.0125
2 0.75625 0.72109375 0.0296875 0.1109375
2 0.33125 0.6046875 0.02890625 0.09296875
2 0.5765625 0.58515625 0.0234375 0.090625
2 0.83046875 0.3921875 0.025 0.07890625
2 0.2515625 0.67578125 0.0296875 0.1015625
2 0.459375 0.3921875 0.02421875 0.0765625
3 0.7578125 0.57734375 0.0203125 0.09609375
2 0.38125 0.71328125 0.0234375 0.10703125
3 0.4890625 0.31484375 0.03203125 0.07734375
2 0.534375 0.3390625 0.01953125 0.071875
2 0.5453125 0.5109375 0.03203125 0.08046875
1 0.153125 0.59375 0.0234375 0.10703125
2 0.73125 0.915625 0.034375 0.12890625
2 0.496875 0.403125 0.02734375 0.08046875
2 0.403125 0.60703125 0.02265625 0.10546875
2 0.9515625 0.54140625 0.01796875 0.09453125
2 0.3921875 0.365625 0.0296875 0.0734375
2 0.2796875 0.7359375 0.02421875 0.09453125
2 0.403125 0.534375 0.04140625 0.0890625