2 0.478125 0.26015625 0.02109375 0.05703125
2 0.49296875 0.3453125 0.0171875 0.0734375
2 0.8796875 0.42109375 0.01640625 0.0859375
3 0.30546875 0.51640625 0.0234375 0.096875
2 0.49375 0.42734375 0.01640625 0.084375
3 0.19375 0.215625 0.01953125 0.07109375
2 0.65 0.45625 0.01640625 0.08203125
2 0.5984375 0.9390625 0.02109375 0.11953125
2 0.6125 0.5953125 0.01796875 0.09296875
2 0.81484375 0.31328125 0.0140625 0.0734375
2 0.02265625 0.52421875 0.0203125 0.09609375
2 0.18671875 0.33828125 0.0234375 0.07890625
2 0.3765625 0.52890625 0.01953125 0.0859375
2 0.603125 0.61875 0.01796875 0.1015625
2 0.2890625 0.75 0.0234375 0.10546875
2 0.20625 0.334375 0.01875 0.0765625
0 0.5578125 0.275 0.01328125 0.02578125
2 0.5578125 0.24140625 0.015625 0.08359375
2 0.00859375 0.64140625 0.0171875 0.10546875