2 0.56875 0.70234375 0.02109375 0.115625
2 0.3828125 0.6421875 0.021875 0.1125
2 0.484375 0.846875 0.03046875 0.1109375
2 0.2921875 0.73515625 0.03125 0.09296875
3 0.92265625 0.63125 0.0328125 0.0984375
2 0.4984375 0.62578125 0.03203125 0.1015625
2 0.796875 0.578125 0.021875 0.09609375
2 0.7109375 0.52890625 0.02578125 0.103125
2 0.65 0.50234375 0.02265625 0.090625
1 0.22890625 0.5921875 0.0265625 0.09609375
2 0.65703125 0.39609375 0.0203125 0.0890625
2 0.8578125 0.67734375 0.021875 0.109375
2 0.478125 0.646875 0.02109375 0.10390625
0 0.41640625 0.58046875 0.02265625 0.0375
3 0.72734375 0.31171875 0.03046875 0.103125
2 0.4171875 0.47421875 0.0265625 0.11484375
2 0.97734375 0.43828125 0.0359375 0.10703125
2 0.73359375 0.47421875 0.03359375 0.1109375