2 0.4546875 0.48046875 0.02890625 0.10546875
2 0.41640625 0.19609375 0.03125 0.09140625
2 0.7546875 0.4546875 0.0375 0.10390625
2 0.3625 0.52890625 0.03828125 0.103125
2 0.6734375 0.28828125 0.03671875 0.1015625
2 0.3125 0.540625 0.03359375 0.11796875
2 0.6015625 0.30625 0.025 0.09609375
2 0.80859375 0.42734375 0.03125 0.09296875
2 0.5140625 0.6796875 0.04140625 0.11796875
2 0.3796875 0.7296875 0.02890625 0.134375
2 0.028125 0.11640625 0.02109375 0.09140625
0 0.39453125 0.79375 0.0140625 0.0296875