2 0.4765625 0.56796875 0.02734375 0.10546875
2 0.9515625 0.73515625 0.0421875 0.115625
2 0.1875 0.34140625 0.025 0.09140625
2 0.2046875 0.24609375 0.02265625 0.08046875
2 0.571875 0.2921875 0.03046875 0.07890625
2 0.36796875 0.53046875 0.028125 0.103125
2 0.7375 0.39609375 0.01796875 0.09140625
2 0.125 0.765625 0.02890625 0.115625
2 0.2703125 0.515625 0.01484375 0.096875
2 0.421875 0.353125 0.02421875 0.0890625
3 0.1546875 0.4796875 0.02578125 0.1015625
2 0.46328125 0.3375 0.021875 0.08359375
2 0.33515625 0.221875 0.0203125 0.08046875
2 0.2484375 0.36171875 0.01953125 0.084375
0 0.68671875 0.33125 0.01328125 0.0234375
2 0.68203125 0.29296875 0.028125 0.075
2 0.36875 0.98515625 0.0125 0.0296875