2 0.30625 0.703125 0.03203125 0.1015625
2 0.6484375 0.38515625 0.01875 0.090625
3 0.4421875 0.459375 0.025 0.096875
2 0.4078125 0.365625 0.03203125 0.08203125
2 0.4109375 0.78828125 0.0234375 0.115625
2 0.8015625 0.759375 0.03046875 0.11796875
2 0.84609375 0.57265625 0.03125 0.10703125
2 0.88515625 0.28671875 0.021875 0.08203125
2 0.578125 0.36484375 0.025 0.084375
2 0.721875 0.30703125 0.01640625 0.08359375
2 0.1421875 0.665625 0.03125 0.1109375
2 0.1671875 0.471875 0.0203125 0.09609375
2 0.4453125 0.2953125 0.03125 0.0671875
2 0.4359375 0.28125 0.02109375 0.08046875
2 0.46875 0.28515625 0.01796875 0.07890625
2 0.0453125 0.4484375 0.021875 0.09140625
2 0.6578125 0.4734375 0.0140625 0.096875
2 0.9328125 0.590625 0.03046875 0.1109375
2 0.28125 0.31640625 0.0234375 0.0859375
2 0.9875 0.46875 0.01953125 0.10390625