2 0.8234375 0.38515625 0.01953125 0.09296875
2 0.3703125 0.51328125 0.01796875 0.0984375
2 0.3296875 0.23671875 0.028125 0.0765625
2 0.5484375 0.38515625 0.03046875 0.0875
2 0.5015625 0.55859375 0.01875 0.10859375
2 0.23046875 0.73984375 0.01875 0.11796875
3 0.2515625 0.475 0.03125 0.103125
2 0.59296875 0.28984375 0.0171875 0.0765625
2 0.60625 0.375 0.02109375 0.0859375
2 0.2828125 0.32890625 0.02421875 0.09140625
3 0.05625 0.184375 0.02734375 0.08359375
2 0.58671875 0.5765625 0.01875 0.10859375
2 0.4734375 0.20703125 0.01953125 0.08359375
2 0.7546875 0.2796875 0.02265625 0.0734375
2 0.21875 0.315625 0.02421875 0.09609375
0 0.62890625 0.39296875 0.01640625 0.028125
2 0.5046875 0.95703125 0.0296875 0.0859375