2 0.4375 0.56484375 0.03515625 0.1015625
2 0.22578125 0.51796875 0.028125 0.096875
2 0.9140625 0.73671875 0.03046875 0.115625
2 0.55 0.2921875 0.0296875 0.08203125
2 0.70703125 0.403125 0.034375 0.084375
2 0.1515625 0.246875 0.01796875 0.08203125
2 0.41953125 0.3328125 0.021875 0.08203125
2 0.0796875 0.77109375 0.021875 0.1140625
2 0.37421875 0.3515625 0.01875 0.0890625
3 0.10625 0.4796875 0.02265625 0.1015625
2 0.140625 0.34765625 0.02109375 0.0875
2 0.20390625 0.371875 0.0171875 0.0859375
2 0.6390625 0.296875 0.03046875 0.0734375
2 0.32890625 0.521875 0.021875 0.103125
2 0.2828125 0.2234375 0.02265625 0.07734375
0 0.6875 0.35078125 0.015625 0.02578125