2 0.4609375 0.57578125 0.04609375 0.0984375
0 0.31953125 0.453125 0.0234375 0.0296875
2 0.325 0.41953125 0.03046875 0.08046875
3 0.66875 0.41875 0.0203125 0.09609375
2 0.5625 0.22265625 0.02109375 0.0875
2 0.1 0.38203125 0.01640625 0.096875
2 0.90625 0.63359375 0.02265625 0.11640625
2 0.6921875 0.3453125 0.02265625 0.084375
2 0.63203125 0.45 0.0171875 0.09453125
2 0.3484375 0.440625 0.0234375 0.08046875
2 0.5265625 0.653125 0.01875 0.10390625
2 0.5453125 0.2953125 0.0203125 0.090625
2 0.8609375 0.471875 0.02421875 0.103125
2 0.440625 0.35234375 0.02578125 0.1015625
2 0.45390625 0.3375 0.02265625 0.10703125
2 0.93203125 0.60390625 0.02265625 0.12890625
2 0.9421875 0.565625 0.0234375 0.11875