2 0.2265625 0.671875 0.01796875 0.109375
2 0.0953125 0.33359375 0.02421875 0.0890625
2 0.146875 0.484375 0.02734375 0.090625
2 0.35 0.709375 0.01640625 0.109375
0 0.446875 0.29453125 0.01875 0.02578125
2 0.4765625 0.246875 0.02109375 0.0765625
2 0.4484375 0.51484375 0.03125 0.09609375
2 0.23671875 0.35546875 0.0203125 0.0859375
2 0.87734375 0.73828125 0.0234375 0.1265625
2 0.5328125 0.3609375 0.0234375 0.08046875
2 0.62734375 0.6859375 0.0203125 0.1140625
2 0.728125 0.53046875 0.02890625 0.096875
2 0.784375 0.61796875 0.03203125 0.1109375
2 0.4234375 0.3578125 0.01875 0.08203125
2 0.5125 0.2984375 0.0203125 0.08359375
2 0.7484375 0.49765625 0.02109375 0.1015625
3 0.484375 0.46640625 0.02109375 0.096875
2 0.4359375 0.39609375 0.0234375 0.08359375
2 0.934375 0.9390625 0.02734375 0.11953125
2 0.009375 0.60703125 0.01796875 0.10546875