2 0.69609375 0.30859375 0.021875 0.075
2 0.1828125 0.75625 0.02265625 0.10703125
2 0.3796875 0.42109375 0.01953125 0.0859375
2 0.7640625 0.4203125 0.01640625 0.08203125
2 0.884375 0.75546875 0.02265625 0.11640625
2 0.36875 0.34609375 0.01484375 0.078125
2 0.534375 0.45703125 0.01484375 0.0859375
3 0.21015625 0.51328125 0.0203125 0.0984375
2 0.253125 0.525 0.01796875 0.09140625
2 0.2765625 0.2484375 0.0296875 0.06953125
2 0.9359375 0.4484375 0.02421875 0.09140625
2 0.496875 0.6140625 0.02109375 0.1
2 0.4828125 0.9375 0.021875 0.121875
3 0.1109375 0.19765625 0.021875 0.07109375
2 0.05 0.346875 0.0203125 0.0875
2 0.0734375 0.340625 0.01640625 0.08046875
2 0.43046875 0.215625 0.01875 0.0890625
0 0.49296875 0.26875 0.01484375 0.02578125