2 0.67734375 0.43203125 0.015625 0.0859375
2 0.546875 0.321875 0.0203125 0.0765625
2 0.303125 0.7421875 0.02109375 0.10703125
2 0.25 0.3078125 0.03203125 0.07890625
2 0.646875 0.5890625 0.02265625 0.103125
2 0.26796875 0.30859375 0.025 0.078125
2 0.8359375 0.284375 0.01953125 0.075
2 0.0125 0.509375 0.01953125 0.1
2 0.5265625 0.2453125 0.0203125 0.065625
2 0.525 0.41484375 0.01640625 0.090625
2 0.615625 0.603125 0.01796875 0.10390625
2 0.909375 0.403125 0.01640625 0.0859375
2 0.4109375 0.521875 0.01953125 0.09296875
2 0.61875 0.93984375 0.02421875 0.11796875
3 0.3171875 0.4984375 0.02265625 0.1
2 0.58515625 0.23203125 0.02109375 0.0875
3 0.1796875 0.20546875 0.02421875 0.09296875
0 0.68984375 0.29296875 0.01328125 0.02578125