2 0.2875 0.5078125 0.01953125 0.09296875
2 0.6671875 0.503125 0.01796875 0.0859375
2 0.7015625 0.33515625 0.01796875 0.0734375
2 0.8578125 0.46796875 0.01640625 0.096875
2 0.2234375 0.409375 0.01796875 0.084375
2 0.1328125 0.6171875 0.0203125 0.09609375
2 0.4125 0.67578125 0.02109375 0.10703125
3 0.16875 0.6140625 0.02421875 0.10546875
2 0.3796875 0.696875 0.01796875 0.10859375
2 0.4015625 0.53125 0.01640625 0.08203125
2 0.04375 0.83984375 0.025 0.11796875
2 0.0515625 0.43046875 0.02734375 0.08359375
2 0.778125 0.81796875 0.025 0.121875
2 0.1859375 0.20859375 0.02109375 0.0953125
0 0.7140625 0.39453125 0.01328125 0.03203125
2 0.32734375 0.96171875 0.0296875 0.0765625