2 0.4921875 0.40625 0.021875 0.09296875
2 0.55234375 0.30625 0.0234375 0.0734375
2 0.45625 0.234375 0.02265625 0.07109375
2 0.38125 0.5171875 0.01640625 0.09609375
2 0.225 0.296875 0.02734375 0.0890625
2 0.27109375 0.7484375 0.01875 0.1140625
2 0.64609375 0.41484375 0.0171875 0.0875
2 0.571875 0.590625 0.0203125 0.10546875
2 0.5703125 0.9453125 0.02265625 0.10703125
2 0.61796875 0.5890625 0.0203125 0.10859375
3 0.27578125 0.48984375 0.0203125 0.1015625
2 0.875 0.38828125 0.01875 0.0875
2 0.26875 0.30078125 0.01484375 0.0765625
3 0.12421875 0.1890625 0.0234375 0.078125
0 0.7484375 0.30234375 0.01484375 0.0296875
2 0.784375 0.271875 0.01328125 0.0765625
2 0.53125 0.215625 0.0265625 0.08515625