0 0.42890625 0.17890625 0.009375 0.01640625
2 0.4953125 0.32578125 0.01953125 0.0984375
3 0.815625 0.565625 0.0265625 0.125
2 0.6171875 0.53515625 0.025 0.1125
2 0.7875 0.7234375 0.03671875 0.13359375
2 0.4015625 0.5546875 0.01640625 0.11328125
2 0.41015625 0.45390625 0.021875 0.1140625
2 0.7375 0.27109375 0.01796875 0.09140625
2 0.96015625 0.4890625 0.0203125 0.10859375
2 0.428125 0.64765625 0.02578125 0.109375
2 0.559375 0.3421875 0.01796875 0.1015625
2 0.26953125 0.63203125 0.0234375 0.11953125
1 0.034375 0.40859375 0.03046875 0.1140625
2 0.4671875 0.40546875 0.02109375 0.1
3 0.6859375 0.1015625 0.028125 0.08359375
2 0.634375 0.659375 0.02890625 0.128125
2 0.65 0.43984375 0.02109375 0.10390625
2 0.246875 0.66484375 0.0234375 0.11796875
2 0.5921875 0.6484375 0.02421875 0.11640625
2 0.41484375 0.5625 0.0203125 0.11328125