2 0.1875 0.778125 0.02890625 0.1125
2 0.2109375 0.2640625 0.02578125 0.06640625
2 0.88671875 0.77421875 0.025 0.12109375
2 0.7671875 0.44140625 0.01640625 0.0859375
2 0.4765625 0.9453125 0.02421875 0.10703125
2 0.496875 0.63046875 0.0171875 0.1
2 0.7171875 0.3234375 0.01640625 0.071875
2 0.5296875 0.47578125 0.01328125 0.0875
2 0.3859375 0.43984375 0.02109375 0.084375
2 0.946875 0.453125 0.01796875 0.09609375
2 0.3640625 0.365625 0.015625 0.08046875
2 0.05546875 0.36953125 0.01875 0.09140625
2 0.253125 0.54453125 0.01796875 0.09453125
3 0.2375 0.525 0.02265625 0.09453125
2 0.078125 0.36015625 0.01796875 0.08203125
2 0.40546875 0.215625 0.03203125 0.08515625
0 0.6296875 0.315625 0.0203125 0.01953125
3 0.11796875 0.2015625 0.03125 0.1015625