2 0.5546875 0.30234375 0.01796875 0.07890625
2 0.359375 0.51875 0.02734375 0.09609375
2 0.2453125 0.746875 0.02265625 0.1140625
2 0.403125 0.2296875 0.01953125 0.0765625
2 0.2 0.29609375 0.01640625 0.0890625
2 0.8453125 0.38515625 0.02109375 0.0875
3 0.246875 0.48515625 0.02265625 0.10390625
2 0.46953125 0.40078125 0.021875 0.090625
2 0.61953125 0.41015625 0.0171875 0.090625
2 0.53984375 0.58828125 0.01875 0.109375
2 0.53359375 0.94921875 0.0234375 0.0984375
2 0.25625 0.30390625 0.0171875 0.078125
2 0.5921875 0.58671875 0.01953125 0.109375
3 0.090625 0.1875 0.02265625 0.08046875
0 0.746875 0.3078125 0.0234375 0.01953125
2 0.75390625 0.26875 0.0171875 0.07890625
2 0.496875 0.215625 0.02421875 0.09296875