2 0.7421875 0.54921875 0.02265625 0.10703125
2 0.3640625 0.46015625 0.0359375 0.09296875
2 0.0328125 0.5328125 0.02109375 0.1015625
2 0.4875 0.740625 0.02265625 0.10859375
2 0.1546875 0.6203125 0.025 0.10703125
2 0.5265625 0.6078125 0.021875 0.10703125
3 0.5234375 0.53203125 0.01953125 0.10859375
0 0.33046875 0.32265625 0.01328125 0.03359375
2 0.3265625 0.28828125 0.02265625 0.08203125
2 0.634375 0.42421875 0.01875 0.08203125
2 0.8015625 0.65234375 0.0296875 0.115625
2 0.759375 0.87109375 0.0265625 0.13046875
2 0.3046875 0.8515625 0.0203125 0.11640625
2 0.2203125 0.6375 0.02109375 0.1109375
2 0.74140625 0.63984375 0.0203125 0.10703125
2 0.884375 0.88515625 0.02578125 0.134375
2 0.42421875 0.54453125 0.0203125 0.10546875
2 0.9078125 0.953125 0.0296875 0.0890625
2 0.41875 0.47734375 0.01953125 0.0984375
2 0.5921875 0.7078125 0.02109375 0.109375