2 0.284375 0.5390625 0.03828125 0.10859375
2 0.16328125 0.56875 0.025 0.0984375
2 0.58046875 0.4859375 0.0234375 0.103125
2 0.43828125 0.41171875 0.0234375 0.109375
2 0.5734375 0.28984375 0.02265625 0.084375
2 0.4609375 0.28359375 0.02109375 0.09140625
2 0.8546875 0.6078125 0.028125 0.1015625
2 0.29921875 0.3796875 0.0296875 0.1015625
2 0.5109375 0.4 0.02265625 0.0890625
2 0.61328125 0.6046875 0.0234375 0.109375
2 0.8125 0.43515625 0.02578125 0.09609375
2 0.31875 0.5296875 0.02265625 0.10703125
2 0.859375 0.31171875 0.03125 0.0875
2 0.1 0.61875 0.03046875 0.09609375
2 0.496875 0.31171875 0.02265625 0.0875
3 0.7546875 0.51015625 0.02578125 0.103125
2 0.45703125 0.67265625 0.034375 0.10703125
2 0.44609375 0.61484375 0.03046875 0.07109375
0 0.48125 0.64375 0.01640625 0.04140625
3 0.57578125 0.1484375 0.02421875 0.09921875