2 0.3703125 0.790625 0.0390625 0.12734375
2 0.3984375 0.828125 0.04140625 0.11328125
0 0.38125 0.7078125 0.0109375 0.02109375
3 0.2234375 0.28203125 0.02578125 0.11953125
2 0.0546875 0.54609375 0.03359375 0.13046875
2 0.3609375 0.1625 0.02578125 0.1109375
2 0.0359375 0.171875 0.02890625 0.12109375
2 0.2421875 0.51640625 0.0421875 0.125
2 0.9203125 0.39375 0.028125 0.1234375
2 0.7890625 0.42265625 0.03515625 0.1234375
2 0.4765625 0.103125 0.02265625 0.10859375
3 0.5765625 0.940625 0.04296875 0.11796875
2 0.69921875 0.021875 0.0234375 0.04375