2 0.5203125 0.7125 0.02109375 0.1109375
2 0.0921875 0.48671875 0.02265625 0.0984375
2 0.353125 0.83125 0.02578125 0.115625
2 0.82265625 0.521875 0.028125 0.0984375
2 0.2203125 0.57578125 0.02421875 0.0984375
2 0.70546875 0.67578125 0.025 0.10703125
2 0.80625 0.6140625 0.03046875 0.103125
2 0.659375 0.3859375 0.0203125 0.0859375
2 0.465625 0.50390625 0.02109375 0.096875
2 0.8765625 0.62578125 0.02734375 0.115625
2 0.8171875 0.82109375 0.02265625 0.13046875
2 0.9453125 0.821875 0.03046875 0.1265625
2 0.9703125 0.89921875 0.03046875 0.1265625
2 0.58984375 0.57734375 0.01875 0.1015625
3 0.58046875 0.49921875 0.0265625 0.09296875
2 0.259375 0.609375 0.02109375 0.10546875
2 0.315625 0.2796875 0.03046875 0.0953125
2 0.465625 0.43984375 0.0234375 0.08515625
2 0.46015625 0.396875 0.02421875 0.04765625
0 0.3375 0.26953125 0.01484375 0.03203125