3 0.21875 0.9625 0.03671875 0.071875
2 0.77578125 0.5375 0.0265625 0.128125
2 0.6140625 0.15390625 0.02890625 0.10859375
2 0.58984375 0.528125 0.04375 0.1265625
0 0.6703125 0.784375 0.0125 0.021875
2 0.6890625 0.74765625 0.04453125 0.11796875
2 0.40625 0.7171875 0.03125 0.12890625
2 0.1859375 0.38671875 0.02421875 0.109375
2 0.590625 0.27421875 0.01953125 0.109375
2 0.334375 0.34296875 0.02109375 0.10859375
2 0.0125 0.0609375 0.025 0.10546875
2 0.0265625 0.03828125 0.028125 0.0765625
2 0.19296875 0.01015625 0.03046875 0.01796875