0 0.6921875 0.334375 0.00703125 0.0125
2 0.353125 0.51484375 0.021875 0.0984375
2 0.58125 0.58203125 0.025 0.1109375
2 0.2328125 0.74296875 0.0203125 0.1140625
2 0.203125 0.3 0.0203125 0.09140625
2 0.5140625 0.57109375 0.02109375 0.10859375
2 0.6078125 0.396875 0.02421875 0.0859375
2 0.59375 0.29453125 0.01953125 0.075
3 0.06875 0.18515625 0.025 0.08203125
3 0.240625 0.478125 0.02890625 0.1015625
2 0.83203125 0.38203125 0.0203125 0.09453125
2 0.4828125 0.3875 0.02578125 0.0859375
2 0.3453125 0.2296875 0.01796875 0.08203125
2 0.4765625 0.20546875 0.01796875 0.08359375
2 0.259375 0.315625 0.015625 0.08203125
2 0.728125 0.27734375 0.0234375 0.0734375
2 0.5078125 0.95390625 0.03125 0.0921875