2 0.6890625 0.75703125 0.06640625 0.1140625
2 0.66796875 0.540625 0.0515625 0.1265625
2 0.5421875 0.74765625 0.04296875 0.11796875
2 0.2375 0.41484375 0.02734375 0.1125
2 0.62421875 0.1546875 0.0234375 0.10703125
2 0.87578125 0.53359375 0.0421875 0.13359375
2 0.61953125 0.29296875 0.0203125 0.103125
2 0.35859375 0.37265625 0.021875 0.1125
2 0.03828125 0.06015625 0.03359375 0.09296875
2 0.03359375 0.03125 0.0296875 0.0625
2 0.2109375 0.01171875 0.021875 0.0234375
0 0.68203125 0.834375 0.01796875 0.03359375