2 0.51484375 0.525 0.0421875 0.0859375
2 0.57890625 0.578125 0.0328125 0.084375
2 0.465625 0.37890625 0.01796875 0.08046875
1 0.0859375 0.59921875 0.02421875 0.09609375
2 0.4453125 0.853125 0.02734375 0.10546875
3 0.7171875 0.603125 0.01875 0.10546875
2 0.378125 0.69609375 0.02109375 0.0859375
2 0.81796875 0.55390625 0.021875 0.0859375
2 0.4140625 0.47734375 0.0203125 0.0875
2 0.1921875 0.74765625 0.04140625 0.09609375
2 0.6625 0.67890625 0.021875 0.10546875
2 0.5640625 0.503125 0.028125 0.084375
2 0.24375 0.4328125 0.01953125 0.084375
2 0.7546875 0.4265625 0.01640625 0.08046875
2 0.265625 0.64609375 0.028125 0.09140625
2 0.2265625 0.69296875 0.02578125 0.103125
2 0.425 0.43046875 0.01796875 0.08046875
2 0.3125 0.621875 0.02578125 0.0875
3 0.49609375 0.315625 0.0203125 0.0734375