2 0.68828125 0.80078125 0.03125 0.12109375
2 0.5046875 0.65546875 0.02265625 0.1109375
2 0.040625 0.4546875 0.02421875 0.09296875
2 0.5796875 0.50703125 0.0203125 0.096875
2 0.246875 0.70078125 0.02734375 0.10703125
2 0.6359375 0.61171875 0.02265625 0.109375
2 0.0921875 0.68203125 0.01796875 0.1109375
2 0.3515625 0.49375 0.01640625 0.0984375
2 0.284375 0.325 0.0296875 0.071875
2 0.6609375 0.696875 0.02421875 0.1140625
2 0.615625 0.5109375 0.0203125 0.103125
3 0.25390625 0.44921875 0.021875 0.1015625
1 0.96875 0.4921875 0.02265625 0.115625
2 0.1765625 0.284375 0.01484375 0.08359375
2 0.1921875 0.29296875 0.0171875 0.0859375
2 0.33125 0.32109375 0.0328125 0.0859375
2 0.3375 0.33828125 0.0203125 0.05546875
0 0.4203125 0.30859375 0.01171875 0.01796875
2 0.3375 0.39140625 0.040625 0.0921875