2 0.4296875 0.77734375 0.01640625 0.11796875
2 0.15 0.42421875 0.0171875 0.09296875
2 0.3859375 0.29921875 0.01796875 0.0734375
2 0.015625 0.68359375 0.03125 0.1140625
2 0.653125 0.246875 0.01640625 0.078125
2 0.34765625 0.38203125 0.0203125 0.0859375
2 0.578125 0.59140625 0.021875 0.10859375
2 0.6609375 0.471875 0.0203125 0.103125
2 0.5734375 0.7046875 0.02890625 0.1125
2 0.5203125 0.390625 0.01796875 0.09453125
2 0.6890625 0.56796875 0.025 0.10859375
2 0.1390625 0.715625 0.021875 0.10703125
2 0.3625 0.48828125 0.02265625 0.09609375
0 0.47265625 0.3234375 0.0109375 0.02578125
2 0.4828125 0.29453125 0.02265625 0.06953125
3 0.2359375 0.415625 0.02109375 0.0984375
1 0.9640625 0.4578125 0.01796875 0.1125
2 0.503125 0.2859375 0.01328125 0.08359375
2 0.02890625 0.303125 0.02109375 0.10390625