2 0.4296875 0.6109375 0.03125 0.09453125
2 0.61875 0.5875 0.03046875 0.0859375
3 0.7765625 0.57890625 0.02421875 0.09140625
2 0.265625 0.66953125 0.028125 0.10859375
2 0.3765625 0.546875 0.03671875 0.0875
2 0.56875 0.51484375 0.03203125 0.08203125
2 0.26796875 0.7546875 0.028125 0.10390625
0 0.47734375 0.43515625 0.015625 0.03359375
2 0.4875 0.38125 0.02734375 0.0765625
2 0.95625 0.53515625 0.0234375 0.090625
2 0.778125 0.93671875 0.03828125 0.1234375
2 0.5375 0.38984375 0.01796875 0.0765625
2 0.8421875 0.38671875 0.02109375 0.07890625
2 0.3453125 0.603125 0.025 0.09609375
2 0.771875 0.72265625 0.0203125 0.115625
1 0.1515625 0.59609375 0.0234375 0.1109375
2 0.3796875 0.71640625 0.02421875 0.1109375
2 0.4234375 0.35703125 0.0265625 0.08359375
3 0.5015625 0.31171875 0.025 0.0765625
2 0.540625 0.33203125 0.01796875 0.078125