2 0.4390625 0.396875 0.025 0.07890625
2 0.8625 0.8625 0.02578125 0.125
2 0.70859375 0.53828125 0.0203125 0.1015625
2 0.128125 0.459375 0.01953125 0.09140625
2 0.765625 0.62578125 0.03046875 0.115625
2 0.7609375 0.5328125 0.02109375 0.0984375
2 0.2859375 0.34609375 0.03515625 0.075
2 0.5921875 0.68046875 0.02109375 0.1140625
2 0.3984375 0.2875 0.0265625 0.078125
3 0.4140625 0.46640625 0.0234375 0.1
1 0.3359375 0.37578125 0.009375 0.02421875
2 0.3453125 0.3390625 0.01484375 0.078125
2 0.203125 0.684375 0.0203125 0.109375
2 0.4453125 0.509375 0.01953125 0.1
2 0.353125 0.271875 0.02109375 0.0765625
2 0.3265625 0.71484375 0.02109375 0.109375
2 0.80390625 0.70546875 0.021875 0.11640625
2 0.3859375 0.33984375 0.02578125 0.059375