0 0.36796875 0.55234375 0.0078125 0.0125
2 0.26875 0.696875 0.03125 0.10703125
2 0.40546875 0.859375 0.0359375 0.109375
2 0.20625 0.75078125 0.03671875 0.09609375
1 0.134375 0.6140625 0.03671875 0.0890625
2 0.80546875 0.6265625 0.034375 0.096875
2 0.35546875 0.646875 0.028125 0.103125
2 0.6796875 0.584375 0.02265625 0.0890625
2 0.396875 0.6328125 0.03046875 0.090625
2 0.459375 0.71640625 0.025 0.10546875
2 0.609375 0.53359375 0.03515625 0.096875
2 0.73828125 0.67890625 0.01875 0.1109375
2 0.521875 0.50078125 0.02265625 0.0875
2 0.840625 0.440625 0.01953125 0.08046875
2 0.878125 0.55390625 0.01953125 0.09140625
2 0.62734375 0.48359375 0.025 0.09453125
2 0.3078125 0.46796875 0.028125 0.10703125
3 0.60625 0.31875 0.03125 0.1015625
2 0.53984375 0.44375 0.02109375 0.08515625
2 0.5421875 0.38828125 0.028125 0.08125