2 0.528125 0.621875 0.03203125 0.11640625
2 0.121875 0.38046875 0.02109375 0.10546875
2 0.7578125 0.50234375 0.02890625 0.10703125
2 0.93515625 0.8640625 0.0296875 0.15
2 0.4796875 0.359375 0.01953125 0.0984375
2 0.33359375 0.715625 0.025 0.12109375
2 0.41875 0.4421875 0.03046875 0.0984375
2 0.3046875 0.30859375 0.01953125 0.0859375
2 0.6046875 0.628125 0.02421875 0.11953125
2 0.55625 0.14296875 0.01640625 0.0890625
3 0.5734375 0.415625 0.01640625 0.096875
2 0.76640625 0.77265625 0.021875 0.13203125
2 0.878125 0.5296875 0.01953125 0.11796875
2 0.7296875 0.3 0.0265625 0.08359375
2 0.246875 0.571875 0.02578125 0.115625
2 0.89140625 0.959375 0.0296875 0.0765625
2 0.79921875 0.45625 0.025 0.1125
2 0.578125 0.50078125 0.02109375 0.109375
2 0.2328125 0.53984375 0.02578125 0.10703125