0 0.8390625 0.61875 0.01015625 0.01796875
2 0.6765625 0.528125 0.03515625 0.09296875
2 0.34765625 0.4984375 0.0234375 0.103125
2 0.1328125 0.6109375 0.03515625 0.10859375
2 0.29609375 0.29609375 0.0171875 0.0859375
2 0.10703125 0.7765625 0.028125 0.121875
2 0.41640625 0.6640625 0.028125 0.1140625
2 0.88125 0.771875 0.0296875 0.128125
2 0.409375 0.89765625 0.02890625 0.109375
2 0.515625 0.715625 0.02421875 0.1140625
2 0.040625 0.39375 0.03671875 0.09609375
3 0.23515625 0.6078125 0.025 0.115625
2 0.490625 0.515625 0.0171875 0.096875
2 0.8 0.228125 0.02109375 0.07890625