2 0.890625 0.465625 0.021875 0.09453125
0 0.721875 0.37421875 0.015625 0.03359375
2 0.72578125 0.3390625 0.01875 0.078125
2 0.703125 0.49140625 0.0171875 0.0859375
2 0.0734375 0.415625 0.02265625 0.08203125
2 0.3265625 0.49375 0.01875 0.090625
3 0.20859375 0.596875 0.025 0.0984375
2 0.265625 0.40703125 0.0171875 0.08046875
2 0.059375 0.2875 0.0171875 0.078125
2 0.1765625 0.603125 0.02109375 0.09453125
2 0.4421875 0.5234375 0.01640625 0.0859375
2 0.090625 0.82734375 0.02265625 0.1125
2 0.4453125 0.665625 0.0203125 0.10859375
2 0.81484375 0.81015625 0.021875 0.12109375
2 0.42109375 0.68515625 0.01875 0.10390625
2 0.24609375 0.20859375 0.03046875 0.0953125