2 0.40625 0.8125 0.03046875 0.128125
2 0.78671875 0.359375 0.0265625 0.09609375
2 0.5328125 0.39296875 0.02734375 0.0890625
2 0.45859375 0.59296875 0.0328125 0.11953125
2 0.853125 0.453125 0.02578125 0.1
0 0.3578125 0.44765625 0.0125 0.0296875
2 0.3578125 0.39375 0.02109375 0.0984375
3 0.1421875 0.20546875 0.02578125 0.1
2 0.9390625 0.62421875 0.02578125 0.1125
2 0.125 0.35703125 0.0203125 0.1109375
2 0.0171875 0.6984375 0.034375 0.134375
2 0.9828125 0.49140625 0.03046875 0.096875
2 0.67578125 0.2625 0.0328125 0.08359375
2 0.6921875 0.30625 0.02265625 0.0875
2 0.8609375 0.9546875 0.03203125 0.090625
2 0.8765625 0.9359375 0.03125 0.1265625