2 0.809375 0.4609375 0.02421875 0.09140625
2 0.23125 0.51484375 0.0203125 0.09609375
2 0.6140625 0.50859375 0.01875 0.0890625
2 0.3578125 0.6828125 0.02109375 0.109375
2 0.32265625 0.70625 0.0203125 0.109375
2 0.16484375 0.40546875 0.01875 0.08359375
2 0.65859375 0.32890625 0.01875 0.071875
2 0.06875 0.6265625 0.0234375 0.096875
3 0.1078125 0.625 0.025 0.10859375
2 0.721875 0.815625 0.025 0.121875
2 0.3421875 0.5390625 0.0171875 0.0859375
2 0.10703125 0.2015625 0.0265625 0.109375
2 0.26796875 0.96328125 0.02890625 0.0734375
0 0.6984375 0.4109375 0.015625 0.0515625