0 0.3328125 0.4796875 0.00859375 0.015625
2 0.4796875 0.528125 0.0421875 0.0875
2 0.45625 0.33828125 0.03515625 0.07890625
2 0.6203125 0.853125 0.02578125 0.12109375
2 0.40625 0.54921875 0.028125 0.09609375
2 0.7421875 0.48125 0.02109375 0.09296875
2 0.61875 0.63046875 0.01953125 0.103125
2 0.034375 0.62734375 0.02578125 0.1125
2 0.7890625 0.51015625 0.0234375 0.1015625
2 0.753125 0.71484375 0.02421875 0.109375
3 0.390625 0.58515625 0.02421875 0.1125
2 0.85859375 0.53359375 0.028125 0.103125
2 0.865625 0.5125 0.02578125 0.09296875