2 0.81171875 0.4078125 0.03125 0.1234375
2 0.9375 0.37578125 0.02421875 0.1265625
2 0.4765625 0.09375 0.021875 0.10703125
2 0.046875 0.16953125 0.02578125 0.1140625
3 0.2171875 0.278125 0.02734375 0.12109375
2 0.0609375 0.5109375 0.03046875 0.13046875
2 0.21875 0.478125 0.02578125 0.1234375
2 0.359375 0.1546875 0.02109375 0.109375
2 0.321875 0.7734375 0.0515625 0.13359375
0 0.36796875 0.83984375 0.01953125 0.02890625
2 0.33125 0.778125 0.04140625 0.11640625
2 0.6890625 0.015625 0.03359375 0.03046875
3 0.57890625 0.93984375 0.03984375 0.11953125