2 0.3125 0.671875 0.04921875 0.1109375
3 0.696875 0.5265625 0.03046875 0.10546875
2 0.35546875 0.29375 0.0203125 0.09296875
2 0.70546875 0.68203125 0.028125 0.125
2 0.26875 0.559375 0.03671875 0.09609375
2 0.409375 0.64921875 0.03515625 0.1234375
2 0.3 0.42734375 0.0234375 0.10390625
2 0.840625 0.30546875 0.01953125 0.0890625
2 0.54375 0.26953125 0.02109375 0.0859375
2 0.76484375 0.453125 0.0265625 0.103125
2 0.4625 0.65859375 0.03203125 0.11640625
2 0.396875 0.31015625 0.01953125 0.09609375
3 0.5203125 0.11328125 0.0265625 0.08203125
2 0.1171875 0.63671875 0.0296875 0.115625
2 0.0875 0.68359375 0.02734375 0.103125
2 0.4890625 0.51015625 0.02421875 0.10390625
2 0.46875 0.409375 0.02578125 0.09609375
2 0.284375 0.53203125 0.03046875 0.1
2 0.290625 0.38203125 0.0203125 0.1