2 0.57734375 0.6015625 0.0203125 0.103125
2 0.7390625 0.33046875 0.01640625 0.075
2 0.946875 0.496875 0.03046875 0.1015625
2 0.7015625 0.47578125 0.0171875 0.09609375
2 0.353125 0.4328125 0.02421875 0.0875
3 0.725 0.4375 0.02421875 0.096875
2 0.95625 0.646875 0.025 0.115625
2 0.6046875 0.296875 0.0265625 0.090625
2 0.37578125 0.50703125 0.0203125 0.09453125
2 0.57578125 0.69921875 0.01875 0.109375
2 0.59921875 0.23828125 0.021875 0.065625
2 0.1546875 0.39375 0.01484375 0.09609375
2 0.97421875 0.4984375 0.01875 0.1
2 0.403125 0.34453125 0.03125 0.08515625