2 0.2359375 0.38984375 0.02890625 0.10390625
2 0.590625 0.365625 0.03203125 0.0984375
2 0.434375 0.29140625 0.01953125 0.09453125
2 0.1578125 0.60390625 0.028125 0.11640625
2 0.3828125 0.528125 0.0234375 0.10546875
2 0.8890625 0.5828125 0.03359375 0.1125
2 0.46875 0.49765625 0.025 0.10390625
2 0.5265625 0.4921875 0.02265625 0.090625
2 0.5765625 0.59765625 0.01953125 0.10390625
2 0.8078125 0.128125 0.01640625 0.0859375
2 0.8375 0.2421875 0.01875 0.09609375
2 0.92109375 0.4328125 0.0234375 0.0953125
3 0.9359375 0.403125 0.02578125 0.11875
2 0.965625 0.340625 0.0203125 0.096875