2 0.2671875 0.571875 0.03671875 0.11640625
2 0.56484375 0.3421875 0.028125 0.1015625
2 0.19375 0.365625 0.02421875 0.10859375
2 0.5578125 0.47734375 0.02109375 0.10703125
2 0.9171875 0.55625 0.02890625 0.115625
2 0.43359375 0.5140625 0.028125 0.10859375
2 0.6375 0.528125 0.0234375 0.09609375
2 0.63515625 0.6125 0.015625 0.10859375
2 0.95 0.20234375 0.015625 0.09609375
2 0.5265625 0.221875 0.02109375 0.09609375
2 0.9875 0.41171875 0.02421875 0.11328125
3 0.99375 0.38515625 0.0125 0.07578125
3 0.0703125 0.0625 0.01328125 0.0140625