2 0.82109375 0.5171875 0.034375 0.0984375
2 0.490625 0.4859375 0.02578125 0.103125
2 0.2625 0.753125 0.01953125 0.11640625
2 0.4484375 0.2859375 0.01796875 0.08359375
2 0.13125 0.20078125 0.01953125 0.0875
2 0.5734375 0.6703125 0.021875 0.1234375
2 0.2859375 0.59296875 0.01796875 0.10546875
3 0.4171875 0.6046875 0.01796875 0.1125
2 0.1 0.36171875 0.02734375 0.1015625
2 0.6671875 0.5078125 0.01875 0.0984375
2 0.203125 0.3796875 0.028125 0.09609375
2 0.5859375 0.875 0.03125 0.13359375
2 0.68671875 0.72578125 0.021875 0.109375
2 0.95703125 0.221875 0.028125 0.08046875
2 0.3109375 0.0640625 0.01640625 0.078125
0 0.70234375 0.775 0.01796875 0.04140625