2 0.284375 0.47734375 0.03515625 0.10703125
2 0.1890625 0.55234375 0.03671875 0.10703125
2 0.5953125 0.1390625 0.01796875 0.0859375
2 0.44921875 0.37265625 0.0234375 0.0984375
2 0.0546875 0.41328125 0.02890625 0.10703125
2 0.3234375 0.48515625 0.02578125 0.109375
2 0.384375 0.571875 0.0203125 0.1015625
2 0.2125 0.3140625 0.021875 0.096875
2 0.909375 0.5734375 0.02890625 0.11640625
2 0.69765625 0.57578125 0.025 0.115625
2 0.6078125 0.246875 0.01796875 0.09296875
2 0.875 0.4046875 0.01953125 0.10703125
2 0.84375 0.378125 0.02265625 0.0984375
2 0.9734375 0.5484375 0.03046875 0.11640625
3 0.72265625 0.39609375 0.028125 0.109375
2 0.784375 0.328125 0.0203125 0.09140625
2 0.70625 0.42265625 0.02890625 0.10703125
2 0.7375 0.33203125 0.01875 0.09140625