2 0.2078125 0.3390625 0.03203125 0.0890625
2 0.240625 0.246875 0.02109375 0.078125
2 0.1421875 0.76328125 0.03515625 0.115625
2 0.49765625 0.56953125 0.01875 0.10546875
2 0.5640625 0.2921875 0.02890625 0.0765625
2 0.2921875 0.51640625 0.02890625 0.096875
2 0.39140625 0.5296875 0.0171875 0.10703125
2 0.746875 0.3984375 0.0296875 0.0890625
2 0.4875 0.34140625 0.01953125 0.08046875
3 0.17421875 0.4796875 0.03125 0.1015625
2 0.971875 0.7359375 0.03828125 0.125
0 0.7046875 0.32265625 0.0078125 0.01953125
2 0.71171875 0.28828125 0.01875 0.08203125
2 0.4515625 0.353125 0.01796875 0.0890625
2 0.2671875 0.35390625 0.015625 0.08359375
2 0.36328125 0.22109375 0.0171875 0.08359375
2 0.3953125 0.9828125 0.0375 0.034375