0 0.59921875 0.50625 0.0078125 0.015625
0 0.071875 0.69296875 0.01015625 0.0140625
2 0.54609375 0.8328125 0.05625 0.10390625
2 0.61484375 0.7125 0.0359375 0.096875
2 0.41875 0.646875 0.02109375 0.090625
2 0.8453125 0.5828125 0.021875 0.09296875
3 0.9703125 0.628125 0.0328125 0.10703125
2 0.71171875 0.38828125 0.01875 0.090625
1 0.253125 0.56953125 0.03125 0.10546875
2 0.3390625 0.70703125 0.0265625 0.0890625
2 0.5140625 0.621875 0.025 0.090625
2 0.8984375 0.68046875 0.02421875 0.09140625
2 0.7359375 0.51640625 0.02109375 0.1
2 0.4828125 0.47421875 0.0203125 0.09296875
2 0.5421875 0.634375 0.025 0.09609375
3 0.7953125 0.28203125 0.03046875 0.0953125
2 0.76484375 0.43828125 0.02265625 0.09140625
2 0.77421875 0.4046875 0.01640625 0.0796875